popu[93] dep: 3
popu[94] dep: 2
popu[95] dep: 2
popu[96] dep: 2
popu[97] dep: 3
popu[98] dep: 3
popu[99] dep: 3
Population Information: 
min:198.246
avg:1.49316e+08
avgSize:10.09
200 	 198.178 	 198.65 	 6.77
400 	 184.995 	 199.042 	 13.69
600 	 184.995 	 198.39 	 15.2
800 	 177.706 	 198.768 	 16.57
1000 	 177.706 	 198.82 	 16.24
1200 	 176.087 	 196.97 	 19.06
1400 	 174.522 	 195.317 	 25.46
1600 	 174.522 	 192.82 	 27.96
1800 	 174.522 	 213.921 	 32.18
2000 	 158.067 	 189.562 	 33.14
2200 	 158.067 	 188.04 	 32.96
2400 	 158.067 	 184.641 	 31.66
2600 	 158.067 	 183.296 	 30.06
2800 	 158.067 	 180.504 	 29.72
3000 	 158.067 	 181.252 	 29.46
3200 	 158.067 	 177.015 	 29.32
3400 	 151.071 	 175.464 	 30.4
3600 	 151.071 	 173.165 	 31.1
3800 	 150.885 	 172.176 	 31.88
4000 	 150.885 	 170.973 	 32.66
4200 	 145.624 	 179.726 	 34.06
4400 	 145.624 	 167.23 	 35.3
4600 	 145.624 	 178.738 	 37.72
4800 	 145.624 	 161.841 	 42.32
5000 	 144.205 	 160.479 	 45.1
5200 	 135.83 	 155.465 	 46.38
5400 	 135.83 	 153.991 	 43.72
5600 	 135.83 	 151.585 	 43.46
5800 	 135.83 	 152.137 	 42.8
6000 	 135.83 	 152.177 	 40.36
6200 	 135.83 	 150.604 	 40.62
6400 	 135.804 	 150.015 	 39.5
6600 	 135.804 	 149.748 	 38.08
6800 	 135.804 	 153.834 	 35.7
7000 	 135.804 	 150.922 	 36.02
7200 	 135.735 	 210.736 	 35.76
7400 	 135.735 	 145.936 	 35.04
7600 	 135.735 	 147.066 	 34.38
7800 	 135.735 	 146.989 	 33.34
8000 	 135.735 	 144.873 	 32.62
8200 	 135.431 	 145.957 	 30.8
8400 	 135.255 	 143.123 	 28.96
8600 	 135.255 	 142.744 	 28.78
8800 	 135.245 	 188.53 	 28.5
9000 	 135.245 	 141.683 	 28.64
9200 	 135.245 	 140.823 	 28.84
9400 	 134.883 	 142.406 	 28.72
9600 	 134.883 	 141.091 	 28.48
9800 	 134.883 	 143.275 	 28.26
10000 	 134.883 	 143.519 	 27.82
10200 	 134.883 	 149.09 	 27.2
10400 	 134.485 	 144.688 	 27
10600 	 134.485 	 139.433 	 27.64
10800 	 134.485 	 146.747 	 27.82
11000 	 134.485 	 140.526 	 27.46
11200 	 134.485 	 139.935 	 27.04
11400 	 134.485 	 139.324 	 27.08
11600 	 134.485 	 139.47 	 27.58
11800 	 134.485 	 139.508 	 28.56
12000 	 134.485 	 138.228 	 28.26
12200 	 133.45 	 146.79 	 28.3
12400 	 133.45 	 140.02 	 28.1
12600 	 133.45 	 139.4 	 28.18
12800 	 133.45 	 138.913 	 27.92
13000 	 133.45 	 138.889 	 27.52
13200 	 133.45 	 140.104 	 27.7
13400 	 133.45 	 138.36 	 27.52
13600 	 133.45 	 139.919 	 26.84
13800 	 133.45 	 137.594 	 26.66
14000 	 132.29 	 138.877 	 26.58
14200 	 132.29 	 141.822 	 25.9
14400 	 132.29 	 141.768 	 25.68
14600 	 132.29 	 139.17 	 25.92
14800 	 132.29 	 138.898 	 25.92
15000 	 132.29 	 137.702 	 25.34
15200 	 132.29 	 141 	 25.06
15400 	 132.29 	 136.721 	 25.16
15600 	 132.29 	 149.026 	 25.34
15800 	 132.29 	 138.341 	 25.24
16000 	 132.29 	 136.47 	 24.84
16200 	 132.29 	 199.939 	 24.82
16400 	 132.29 	 180.573 	 24.92
16600 	 132.29 	 136.453 	 25.06
16800 	 132.29 	 137.399 	 24.6
17000 	 132.29 	 141.537 	 24.38
17200 	 132.29 	 136.612 	 24.2
17400 	 132.29 	 138.751 	 23.64
17600 	 132.29 	 168.444 	 23.52
17800 	 132.29 	 138.012 	 23.18
18000 	 132.29 	 136.814 	 23.28
18200 	 132.29 	 137.002 	 23.3
18400 	 132.29 	 135.945 	 23.2
18600 	 132.29 	 136.977 	 23.2
18800 	 132.29 	 138.602 	 22.92
19000 	 132.29 	 140.737 	 23.02
19200 	 132.29 	 136.004 	 22.36
19400 	 132.29 	 137.37 	 22.48
19600 	 132.29 	 142.655 	 22.6
19800 	 132.29 	 136.001 	 22.46
20000 	 132.29 	 173.153 	 22.32
20200 	 132.29 	 180.387 	 22.38
20400 	 132.29 	 136.19 	 21.64
20600 	 132.29 	 136.404 	 21.64
20800 	 132.29 	 137.324 	 21.42
21000 	 132.29 	 136.524 	 21.38
21200 	 132.29 	 181.732 	 21.08
21400 	 122.964 	 137.215 	 20.88
21600 	 122.964 	 143.177 	 20.78
21800 	 122.964 	 140.854 	 20.66
22000 	 122.964 	 136.935 	 20.36
22200 	 122.964 	 135.35 	 20.16
22400 	 122.964 	 136.196 	 19.94
22600 	 122.964 	 136.273 	 20.26
22800 	 122.964 	 137.146 	 20.04
23000 	 122.964 	 136.487 	 20.06
23200 	 122.964 	 137.986 	 20.16
23400 	 122.964 	 136.499 	 19.66
23600 	 122.964 	 136.04 	 20.06
23800 	 111.483 	 135.866 	 20.5
24000 	 111.483 	 135.807 	 20.18
24200 	 111.483 	 138.864 	 20.38
24400 	 111.483 	 136.247 	 20.28
24600 	 111.483 	 136.037 	 20.8
24800 	 111.483 	 136.251 	 20.4
25000 	 111.483 	 136.52 	 20.28
25200 	 111.483 	 134.621 	 20.7
25400 	 111.483 	 141.001 	 20.28
25600 	 111.483 	 134.658 	 20.28
25800 	 111.483 	 136.193 	 20.86
26000 	 111.483 	 135.347 	 20.86
26200 	 111.483 	 137.197 	 20.22
26400 	 111.483 	 138.591 	 20.2
26600 	 111.483 	 138.924 	 19.98
26800 	 111.483 	 134.023 	 20.32
27000 	 111.483 	 136.067 	 20.64
27200 	 111.483 	 135.221 	 20.74
27400 	 111.483 	 136.378 	 21.54
27600 	 111.483 	 138.365 	 21.3
27800 	 111.483 	 134.038 	 21.42
28000 	 111.483 	 135.071 	 21.54
28200 	 111.483 	 138.2 	 22.3
28400 	 111.483 	 134.644 	 22.64
28600 	 111.483 	 133.312 	 24.06
28800 	 111.483 	 140.272 	 24.5
29000 	 111.483 	 134.102 	 25.38
29200 	 111.483 	 132.821 	 25.52
29400 	 111.483 	 148.499 	 26.36
29600 	 111.483 	 147.389 	 27.14
29800 	 111.483 	 134.465 	 26.94
30000 	 111.483 	 133.656 	 27.36
30200 	 111.483 	 132.749 	 27.98
30400 	 111.483 	 131.197 	 29.16
30600 	 111.483 	 194.631 	 29.26
30800 	 111.483 	 130.787 	 29.94
31000 	 111.483 	 129.764 	 30.56
31200 	 111.483 	 144.917 	 30.9
31400 	 111.483 	 130.944 	 31.54
31600 	 111.483 	 140.205 	 32.64
31800 	 111.483 	 128.608 	 34.28
32000 	 111.483 	 132.455 	 35.76
32200 	 111.483 	 127.959 	 36.48
32400 	 111.483 	 129.148 	 36.8
32600 	 111.483 	 128.71 	 38
32800 	 111.483 	 129.162 	 38.14
33000 	 111.483 	 140.63 	 38.26
33200 	 111.483 	 127.613 	 38.72
33400 	 111.483 	 128.184 	 39.34
33600 	 111.483 	 130.662 	 39.46
33800 	 111.483 	 128.803 	 40.56
34000 	 111.483 	 127.928 	 41.26
34200 	 111.483 	 128.326 	 41.26
34400 	 111.483 	 136.864 	 41.5
34600 	 111.483 	 138.818 	 41.84
34800 	 111.483 	 127.592 	 42.2
35000 	 111.483 	 128.062 	 43.26
35200 	 111.483 	 127.816 	 43.34
35400 	 111.483 	 135.025 	 44.7
35600 	 111.483 	 125.999 	 45.02
35800 	 111.483 	 167.82 	 45.32
36000 	 111.483 	 141.08 	 45.88
36200 	 111.483 	 125.228 	 46
36400 	 111.483 	 123.953 	 46.16
36600 	 109.225 	 124.537 	 46.1
36800 	 109.225 	 127.899 	 45.82
37000 	 109.225 	 123.05 	 45.16
37200 	 109.225 	 121.299 	 44.62
37400 	 109.225 	 123.265 	 44.1
37600 	 109.225 	 123.25 	 43.62
37800 	 109.225 	 131.606 	 43.22
38000 	 109.225 	 122.646 	 43.02
38200 	 109.225 	 123.017 	 42.52
38400 	 109.225 	 165.545 	 43.16
38600 	 107.976 	 120.934 	 41.52
38800 	 107.976 	 120.879 	 41.42
39000 	 107.976 	 121.943 	 41.18
39200 	 107.976 	 130.914 	 41.46
39400 	 107.976 	 121.873 	 41
39600 	 107.976 	 172.623 	 40.68
39800 	 107.976 	 120.961 	 40.38
40000 	 107.976 	 120.164 	 40.5
40200 	 107.976 	 120.075 	 40.4
40400 	 107.976 	 121.943 	 40.26
40600 	 107.976 	 121.564 	 41.38
40800 	 107.976 	 122.008 	 40.76
41000 	 107.976 	 121.661 	 39.88
41200 	 107.976 	 126.731 	 39.92
41400 	 104.827 	 121.179 	 40.22
41600 	 104.827 	 123.268 	 40.1
41800 	 104.827 	 119.685 	 40.28
42000 	 104.827 	 119.51 	 40.26
42200 	 104.827 	 121.27 	 40.46
42400 	 104.827 	 119.287 	 39.56
42600 	 104.827 	 118.863 	 39.24
42800 	 104.827 	 119.77 	 39.08
43000 	 104.827 	 119.489 	 39.1
43200 	 104.827 	 119.146 	 39.5
43400 	 104.827 	 121.937 	 38.94
43600 	 104.827 	 118.758 	 38.42
43800 	 104.827 	 118.979 	 37.96
44000 	 104.827 	 119.171 	 37.58
44200 	 104.827 	 117.901 	 36.78
44400 	 104.827 	 119.122 	 36.62
44600 	 104.827 	 118.835 	 36.4
44800 	 104.827 	 119.634 	 36.42
45000 	 104.827 	 141.133 	 36.84
45200 	 104.827 	 116.869 	 36.84
45400 	 104.827 	 118.752 	 36.5
45600 	 104.827 	 118.251 	 36.64
45800 	 104.827 	 123.537 	 36.18
46000 	 104.827 	 118.495 	 35.88
46200 	 104.827 	 118.093 	 36.12
46400 	 104.827 	 118.634 	 35.46
46600 	 104.827 	 118.008 	 35.04
46800 	 104.827 	 118.075 	 34.74
47000 	 104.827 	 163.794 	 34.86
47200 	 104.827 	 162.638 	 34.86
47400 	 104.827 	 119.773 	 34.66
47600 	 104.827 	 117.493 	 34.3
47800 	 104.827 	 118.93 	 34.34
48000 	 104.827 	 117.518 	 33.68
48200 	 94.7305 	 117.864 	 33.84
48400 	 94.7305 	 116.86 	 33.76
48600 	 94.7305 	 118.695 	 33.62
48800 	 94.7305 	 118.037 	 33.94
49000 	 94.7305 	 122.323 	 34
49200 	 94.7305 	 116.819 	 34
49400 	 94.7305 	 117.073 	 33.8
49600 	 94.7305 	 117.18 	 33.82
49800 	 94.7305 	 116.007 	 34.14
50000 	 94.7305 	 116.754 	 34.02
50200 	 94.7305 	 116.788 	 34.26
50400 	 94.7305 	 116.855 	 34.24
50600 	 94.7305 	 118.314 	 34.14
50800 	 94.7305 	 116.71 	 33.68
51000 	 94.7305 	 116.664 	 33.92
51200 	 94.7305 	 126.981 	 33.56
51400 	 94.7305 	 163.887 	 33.52
51600 	 94.7305 	 115.541 	 33.46
51800 	 94.7305 	 132.786 	 33.16
52000 	 94.7305 	 115.695 	 33.52
52200 	 94.7305 	 159.804 	 33.58
52400 	 94.7305 	 122.018 	 32.86
52600 	 94.7305 	 116.139 	 32.68
52800 	 94.7305 	 116.878 	 32.84
53000 	 94.7305 	 166.301 	 32.84
53200 	 94.7305 	 126.044 	 32.82
53400 	 94.7305 	 114.778 	 32.68
53600 	 94.7305 	 117.463 	 32.44
53800 	 94.7305 	 122.622 	 32.66
54000 	 94.7305 	 117.635 	 32.66
54200 	 94.7305 	 115.971 	 32.36
54400 	 94.7305 	 140.731 	 32.68
54600 	 94.7305 	 115.878 	 32.54
54800 	 94.7305 	 115.445 	 32.6
55000 	 94.7305 	 158.73 	 32.62
55200 	 94.7305 	 115.53 	 32.6
55400 	 94.7305 	 123.536 	 32.5
55600 	 94.7305 	 115.725 	 32.52
55800 	 94.7305 	 161.784 	 32.28
56000 	 94.7305 	 123.594 	 32.52
56200 	 94.7305 	 116.341 	 32.3
56400 	 94.7305 	 115.749 	 31.76
56600 	 94.7305 	 115.169 	 32.1
56800 	 94.7305 	 114.854 	 31.56
57000 	 94.7305 	 116.073 	 31.44
57200 	 94.7305 	 115.996 	 31.56
57400 	 94.7305 	 114.644 	 31.78
57600 	 94.7305 	 116.606 	 31.54
57800 	 94.7305 	 157.896 	 31.72
58000 	 94.7305 	 113.436 	 31.48
58200 	 94.7305 	 113.824 	 31.4
58400 	 94.7305 	 114.262 	 31.94
58600 	 94.7305 	 114.665 	 31.6
58800 	 94.7305 	 114.058 	 31.74
59000 	 94.7305 	 115.488 	 31.72
59200 	 94.7305 	 115.052 	 31.74
59400 	 94.7305 	 114.939 	 31.98
59600 	 94.7305 	 123.695 	 32.18
59800 	 94.7305 	 115.688 	 31.84
60000 	 94.7305 	 113.51 	 32.18
60200 	 94.7305 	 115.16 	 31.96
60400 	 94.7305 	 120.247 	 32
60600 	 94.7305 	 115.775 	 32.08
60800 	 94.7305 	 114.627 	 31.86
61000 	 94.7305 	 122.241 	 32.16
61200 	 94.7305 	 113.178 	 32.26
61400 	 94.7305 	 114.918 	 32.48
61600 	 94.7305 	 114.645 	 32.92
61800 	 94.7305 	 113.777 	 33.26
62000 	 94.7305 	 115.315 	 33.12
62200 	 94.7305 	 115.075 	 33.36
62400 	 94.7305 	 114.112 	 33.08
62600 	 94.7305 	 113.725 	 33.08
62800 	 94.7305 	 115.42 	 33.04
63000 	 94.7305 	 158.998 	 33.3
63200 	 94.7305 	 113.277 	 32.8
63400 	 94.7305 	 114.014 	 33.36
63600 	 94.7305 	 114.513 	 33.34
63800 	 94.7305 	 115.175 	 33.16
64000 	 94.7305 	 114.435 	 33.16
64200 	 94.7305 	 112.35 	 33.24
64400 	 94.7305 	 114.888 	 33.14
64600 	 94.7305 	 115.405 	 33.34
64800 	 94.7305 	 113.696 	 33.36
65000 	 94.7305 	 114.071 	 32.74
65200 	 94.7305 	 113.886 	 32.28
65400 	 94.7305 	 113.257 	 32.28
65600 	 94.7305 	 113.096 	 32.7
65800 	 94.7305 	 114.281 	 32.92
66000 	 94.7305 	 158.122 	 32.82
66200 	 94.7305 	 113.31 	 33.12
66400 	 94.7305 	 113.631 	 32.9
66600 	 94.7305 	 113.501 	 33.1
66800 	 94.7305 	 112.916 	 33.44
67000 	 94.7305 	 163.857 	 33.16
67200 	 94.7305 	 195.107 	 33.64
67400 	 94.7305 	 113.747 	 33.68
67600 	 94.7305 	 156.307 	 33.28
67800 	 94.7305 	 115.548 	 33.3
68000 	 94.7305 	 114.398 	 33.66
68200 	 94.7305 	 115.506 	 33.26
68400 	 94.7305 	 112.256 	 33.26
68600 	 94.7305 	 114.078 	 33.26
68800 	 94.7305 	 112.436 	 32.98
69000 	 94.7305 	 113.318 	 33.12
69200 	 94.7305 	 113.261 	 32.98
69400 	 94.7305 	 113.588 	 33.26
69600 	 94.7305 	 113.629 	 33.34
69800 	 94.7305 	 112.508 	 33.58
70000 	 94.7305 	 113.506 	 33.36
70200 	 94.7305 	 112.986 	 33.24
70400 	 94.7305 	 113.549 	 33.58
70600 	 94.7305 	 113.164 	 33.66
70800 	 94.7305 	 113.708 	 33.34
71000 	 94.7305 	 112.513 	 33.44
71200 	 94.7305 	 113.683 	 32.66
71400 	 94.7305 	 113.737 	 32.58
71600 	 94.7305 	 113.9 	 32.88
71800 	 94.7305 	 157.556 	 32.68
72000 	 94.7305 	 112.731 	 32.58
72200 	 94.7305 	 113.56 	 32.76
72400 	 94.7305 	 112.677 	 32.78
72600 	 94.7305 	 112.584 	 32.76
72800 	 94.7305 	 112.823 	 32.66
73000 	 94.7305 	 122.857 	 32.66
73200 	 94.7305 	 110.887 	 32.78
73400 	 94.7305 	 112.058 	 32.88
73600 	 94.7305 	 112.4 	 32.74
73800 	 94.7305 	 121.279 	 32.96
74000 	 94.7305 	 112.062 	 32.52
74200 	 94.7305 	 111.242 	 32.98
74400 	 94.7305 	 113.027 	 32.86
74600 	 94.7305 	 113.815 	 32.96
74800 	 94.7305 	 113.147 	 33.18
75000 	 94.7305 	 113.418 	 32.96
75200 	 94.7305 	 111.844 	 32.74
75400 	 94.7305 	 112.112 	 33.04
75600 	 94.7305 	 118.173 	 33.14
75800 	 94.7305 	 111.162 	 33.06
76000 	 94.7305 	 112.763 	 33.04
76200 	 94.7305 	 154.414 	 33.06
76400 	 94.7305 	 111.848 	 33.26
76600 	 94.7305 	 112.211 	 33.06
76800 	 94.7305 	 112.533 	 32.94
77000 	 94.7305 	 174.458 	 32.92
77200 	 94.7305 	 111.741 	 33.04
77400 	 94.7305 	 110.644 	 32.94
77600 	 94.7305 	 112.768 	 32.94
77800 	 94.7305 	 119.418 	 32.94
78000 	 94.7305 	 171.218 	 33.16
78200 	 94.7305 	 124.865 	 33.04
78400 	 94.7305 	 112.034 	 32.82
78600 	 94.7305 	 111.757 	 32.92
78800 	 94.7305 	 126.765 	 32.9
79000 	 94.7305 	 111.126 	 32.78
79200 	 94.7305 	 119.088 	 32.8
79400 	 94.7305 	 156.876 	 32.8
79600 	 94.7305 	 115.426 	 32.9
79800 	 94.7305 	 111.848 	 33.12
80000 	 94.7305 	 110.555 	 32.82
80200 	 94.7305 	 110.367 	 33.16
80400 	 94.7305 	 110.452 	 33
80600 	 94.7305 	 156.657 	 32.9
80800 	 94.7305 	 111.227 	 32.82
81000 	 94.7305 	 110.859 	 32.82
81200 	 94.7305 	 163.429 	 32.82
81400 	 94.7305 	 117.01 	 32.86
81600 	 94.7305 	 110.923 	 32.76
81800 	 94.7305 	 110.985 	 33.06
82000 	 94.7305 	 110.522 	 32.76
82200 	 94.7305 	 110.793 	 32.74
82400 	 94.7305 	 115.686 	 32.74
82600 	 94.7305 	 110.725 	 32.66
82800 	 94.7305 	 111.95 	 32.66
83000 	 94.7305 	 110.749 	 32.54
83200 	 94.7305 	 111.605 	 32.54
83400 	 94.7305 	 110.663 	 32.54
83600 	 94.7305 	 115.689 	 32.66
83800 	 94.7305 	 110.839 	 32.34
84000 	 94.7305 	 131.68 	 32.34
84200 	 94.7305 	 110.303 	 32.46
84400 	 94.7305 	 109.658 	 32.34
84600 	 94.7305 	 153.618 	 32.44
84800 	 94.7305 	 110.072 	 32.02
85000 	 94.7305 	 119.497 	 32.02
85200 	 94.7305 	 110.745 	 31.82
85400 	 94.7305 	 110.858 	 31.86
85600 	 94.7305 	 111.24 	 32.16
85800 	 94.7305 	 111.53 	 31.98
86000 	 94.7305 	 110.92 	 31.84
86200 	 94.7305 	 110.837 	 32.06
86400 	 94.7305 	 116.964 	 31.94
86600 	 94.7305 	 110.03 	 31.98
86800 	 94.7305 	 131.798 	 31.86
87000 	 94.7305 	 109.659 	 31.84
87200 	 94.7305 	 110.717 	 31.62
87400 	 94.7305 	 155.284 	 31.86
87600 	 94.7305 	 110.106 	 31.64
87800 	 94.7305 	 110.394 	 31.62
88000 	 94.7305 	 110.751 	 31.56
88200 	 94.7305 	 117.81 	 31.58
88400 	 94.7305 	 110.484 	 31.76
88600 	 94.7305 	 109.856 	 31.68
88800 	 94.7305 	 110.96 	 31.7
89000 	 94.7305 	 110.724 	 31.38
89200 	 94.7305 	 111.869 	 31.36
89400 	 94.7305 	 109.482 	 31.36
89600 	 94.7305 	 109.638 	 31.48
89800 	 94.7305 	 109.513 	 31.82
90000 	 94.7305 	 110.335 	 31.94
90200 	 94.7305 	 110.505 	 31.82
90400 	 94.7305 	 110.498 	 32.14
90600 	 94.7305 	 111.306 	 32.04
90800 	 94.7305 	 123.14 	 31.9
91000 	 94.7305 	 110.73 	 31.92
91200 	 94.7305 	 110.231 	 31.82
91400 	 94.7305 	 109.514 	 31.94
91600 	 94.7305 	 110.55 	 31.86
91800 	 94.7305 	 111.036 	 31.94
92000 	 94.7305 	 112.626 	 32.06
92200 	 94.7305 	 109.522 	 31.74
92400 	 94.7305 	 111.918 	 32.28
92600 	 94.7305 	 110.933 	 31.8
92800 	 94.7305 	 110.086 	 31.98
93000 	 94.7305 	 109.625 	 32.22
93200 	 94.7305 	 110.268 	 32
93400 	 94.7305 	 110.075 	 31.9
93600 	 94.7305 	 110.154 	 32.24
93800 	 94.7305 	 110.742 	 32.12
94000 	 94.7305 	 108.408 	 32.46
94200 	 94.7305 	 122.195 	 32.56
94400 	 94.7305 	 120.058 	 32.46
94600 	 94.7305 	 120.821 	 32.26
94800 	 94.7305 	 109.863 	 32.34
95000 	 94.7305 	 109.58 	 32.22
95200 	 94.7305 	 108.816 	 32.32
95400 	 94.7305 	 154.456 	 32.22
95600 	 94.7305 	 111.046 	 31.92
95800 	 94.7305 	 109.793 	 32.12
96000 	 94.7305 	 152.595 	 32.1
96200 	 94.7305 	 109.205 	 32
96400 	 94.7305 	 109.691 	 32
96600 	 94.7305 	 114.462 	 32.06
96800 	 94.7305 	 125.276 	 31.88
97000 	 94.7305 	 108.627 	 32.02
97200 	 94.7305 	 109.007 	 31.92
97400 	 94.7305 	 111.085 	 31.66
97600 	 94.7305 	 109.069 	 31.68
97800 	 94.7305 	 114.143 	 31.68
98000 	 94.7305 	 118.784 	 31.78
98200 	 94.7305 	 109.349 	 31.78
98400 	 94.7305 	 109.518 	 31.9
98600 	 94.7305 	 110.991 	 31.76
98800 	 94.7305 	 110.169 	 31.76
99000 	 94.7305 	 125.956 	 32.2
99200 	 94.7305 	 108.247 	 31.92
99400 	 94.7305 	 109.881 	 32
99600 	 94.7305 	 108.95 	 32.12
99800 	 94.7305 	 116.055 	 31.9
100000 	 94.7305 	 109.163 	 31.7
jenny@jenny-G50VT ~/docu/572/b $ 

