popu[93] dep: 3
popu[94] dep: 3
popu[95] dep: 3
popu[96] dep: 1
popu[97] dep: 2
popu[98] dep: 3
popu[99] dep: 3
Population Information: 
min:198.405
avg:2.41768e+10
avgSize:10.63
1000 	 197.049 	 200.914 	 11.74
2000 	 196.327 	 198.645 	 13.63
3000 	 196.293 	 260.963 	 10.97
4000 	 196.293 	 264.056 	 10.01
5000 	 196.293 	 197.18 	 10
6000 	 196.293 	 197.131 	 10.03
7000 	 196.293 	 207.594 	 10
8000 	 196.293 	 260.821 	 10
9000 	 196.293 	 260.804 	 10
10000 	 196.293 	 197.294 	 10
11000 	 196.293 	 207.689 	 10
12000 	 196.293 	 260.804 	 10
13000 	 196.293 	 201.764 	 10
14000 	 196.293 	 260.802 	 10
15000 	 196.293 	 260.802 	 10
16000 	 196.293 	 197.186 	 10
17000 	 196.293 	 259.983 	 10
18000 	 196.293 	 197.113 	 10
19000 	 196.293 	 197.257 	 10
20000 	 196.293 	 202.274 	 10
21000 	 196.293 	 197.936 	 10
22000 	 196.293 	 197.951 	 10
23000 	 196.293 	 198.525 	 10
24000 	 196.293 	 197.738 	 10
25000 	 183.189 	 197.8 	 10.08
26000 	 152.089 	 205.071 	 11.26
27000 	 142.94 	 168.019 	 24.5
28000 	 138.799 	 158.305 	 23.36
29000 	 130.267 	 143.805 	 23.45
30000 	 130.267 	 143.332 	 21.8
31000 	 130.267 	 161.806 	 20.27
32000 	 130.267 	 138.749 	 18.96
33000 	 123.397 	 139.121 	 18.73
34000 	 123.181 	 139.77 	 19.16
35000 	 118.231 	 227.114 	 20.65
36000 	 118.231 	 136.194 	 21.3
37000 	 118.231 	 164.694 	 21.62
38000 	 118.231 	 138.592 	 22.41
39000 	 117.976 	 179.58 	 23.46
40000 	 117.976 	 176.806 	 24.38
41000 	 117.976 	 133.221 	 26.41
42000 	 115.869 	 131.565 	 27.98
43000 	 115.869 	 130.883 	 29.64
44000 	 115.869 	 129.484 	 31.01
45000 	 115.869 	 171.928 	 32.33
46000 	 115.869 	 190.635 	 32.56
47000 	 115.869 	 127.412 	 32.32
48000 	 99.3463 	 125.788 	 32.57
49000 	 99.3463 	 125.273 	 32.71
50000 	 99.3463 	 125.649 	 32.33
51000 	 99.3463 	 126.74 	 32.25
52000 	 99.3463 	 138.813 	 32.56
53000 	 94.3339 	 136.93 	 33.08
54000 	 94.3339 	 117.797 	 34
55000 	 94.3339 	 179.89 	 35.25
56000 	 93.8687 	 114.785 	 36.51
57000 	 93.8687 	 114.834 	 36.95
58000 	 93.8687 	 111.687 	 37.83
59000 	 93.8687 	 114.107 	 38.78
60000 	 93.8687 	 109.899 	 39.67
61000 	 93.8687 	 121.428 	 40.4
62000 	 93.8687 	 107.056 	 40.78
63000 	 93.8687 	 151.363 	 40.69
64000 	 93.8687 	 105.313 	 40
65000 	 93.8687 	 103.664 	 39.51
66000 	 93.8687 	 135.809 	 39.1
67000 	 93.8687 	 104.172 	 39.01
68000 	 93.8687 	 101.231 	 38.78
69000 	 93.8687 	 103.455 	 38.09
70000 	 93.4136 	 101.298 	 37.76
71000 	 91.9414 	 101.851 	 37.42
72000 	 91.9414 	 103.647 	 37.25
73000 	 91.9414 	 100.181 	 37.02
74000 	 91.9414 	 104.285 	 36.63
75000 	 91.9414 	 164.743 	 35.91
76000 	 91.9414 	 99.7159 	 35.5
77000 	 91.9414 	 130.926 	 34.87
78000 	 91.9414 	 98.8036 	 34.01
79000 	 91.9414 	 183.97 	 33.78
80000 	 91.9414 	 104.68 	 33.56
81000 	 91.9414 	 99.2767 	 33.06
82000 	 91.9414 	 98.2978 	 33.01
83000 	 91.9414 	 100.809 	 32.59
84000 	 91.9414 	 97.4055 	 32.25
85000 	 91.9414 	 96.8036 	 31.79
86000 	 91.9414 	 100.021 	 31.41
87000 	 91.8957 	 97.8708 	 31.24
88000 	 91.8957 	 141.636 	 30.73
89000 	 91.8957 	 127.479 	 30.22
90000 	 91.8957 	 128.088 	 30.02
91000 	 91.8957 	 115.06 	 29.6
92000 	 91.8957 	 121.294 	 29.41
93000 	 91.8957 	 98.2756 	 29.17
94000 	 90.9737 	 94.3984 	 28.83
95000 	 90.9737 	 103.208 	 28.74
96000 	 90.9737 	 97.8178 	 28.43
97000 	 90.9737 	 143.525 	 28.36
98000 	 90.9737 	 96.4992 	 28.27
99000 	 90.6403 	 95.9967 	 28.17
100000 	 90.6403 	 144.102 	 28.09
101000 	 90.6403 	 100.073 	 28.01
102000 	 90.6403 	 95.3679 	 28.11
103000 	 90.6403 	 96.0832 	 27.83
104000 	 90.6403 	 212.524 	 27.77
105000 	 90.6403 	 94.3495 	 27.74
106000 	 90.5268 	 98.1662 	 27.49
107000 	 90.5268 	 95.7883 	 27.47
108000 	 90.5268 	 98.0342 	 27.45
109000 	 90.5268 	 95.3989 	 27.35
110000 	 90.5268 	 137.981 	 27.38
111000 	 90.5268 	 95.3198 	 27.25
112000 	 90.2808 	 97.7059 	 27.02
113000 	 90.2808 	 95.1127 	 27.01
114000 	 90.2808 	 112.76 	 26.68
115000 	 89.8849 	 148.078 	 26.63
116000 	 89.8849 	 96.9199 	 26.62
117000 	 89.8849 	 97.6576 	 26.51
118000 	 89.8849 	 97.3544 	 26.51
119000 	 89.8849 	 126.836 	 26.57
120000 	 89.8849 	 94.6111 	 26.52
121000 	 89.8849 	 98.1697 	 26.26
122000 	 89.8849 	 102.305 	 26.16
123000 	 89.8849 	 108.167 	 26.15
124000 	 89.8849 	 94.9271 	 26.06
125000 	 89.8849 	 94.3513 	 25.85
126000 	 89.8849 	 96.713 	 25.84
127000 	 89.8849 	 96.1064 	 25.54
128000 	 89.8849 	 96.7709 	 25.31
129000 	 89.8849 	 94.4352 	 25.13
130000 	 89.3729 	 95.4792 	 25
131000 	 89.3729 	 94.9487 	 24.83
132000 	 89.3729 	 150.037 	 24.77
133000 	 89.3729 	 97.6038 	 24.56
134000 	 89.3729 	 115.127 	 24.56
135000 	 89.3729 	 94.0885 	 24.33
136000 	 89.3729 	 94.962 	 24.21
137000 	 89.3729 	 97.1976 	 23.88
138000 	 89.3729 	 157.598 	 23.71
139000 	 89.3729 	 94.4722 	 23.64
140000 	 89.3729 	 96.2439 	 23.68
141000 	 89.3729 	 128.39 	 23.47
142000 	 89.3729 	 95.2628 	 23.54
143000 	 89.3729 	 98.8533 	 23.39
144000 	 88.5551 	 108.856 	 23.48
145000 	 88.5551 	 114.515 	 23.18
146000 	 88.5551 	 94.139 	 23.18
147000 	 88.5551 	 127.986 	 23.19
148000 	 88.5551 	 93.8733 	 22.94
149000 	 88.5551 	 93.9823 	 22.78
150000 	 88.5551 	 95.6676 	 22.54
151000 	 88.5551 	 94.3733 	 22.31
152000 	 88.5551 	 94.1476 	 22.17
153000 	 88.5551 	 95.4486 	 22.07
154000 	 88.5551 	 145.906 	 22.08
155000 	 88.5551 	 94.0117 	 21.98
156000 	 88.5551 	 92.6473 	 21.69
157000 	 88.5551 	 116.804 	 21.35
158000 	 88.5551 	 96.6223 	 21.27
159000 	 88.5551 	 95.6371 	 20.89
160000 	 88.5551 	 98.7534 	 20.8
161000 	 88.5551 	 95.2607 	 20.82
162000 	 88.5551 	 124.686 	 20.83
163000 	 88.4571 	 93.2211 	 20.93
164000 	 88.4571 	 92.635 	 20.84
165000 	 88.4571 	 94.3033 	 20.72
166000 	 88.4571 	 95.8984 	 20.72
167000 	 88.4571 	 94.0866 	 20.71
168000 	 88.4571 	 94.1356 	 20.72
169000 	 88.4571 	 136.468 	 20.71
170000 	 88.4571 	 94.3957 	 20.7
171000 	 88.4571 	 128.733 	 20.7
172000 	 88.4571 	 138.315 	 20.7
173000 	 88.4571 	 94.6519 	 20.7
174000 	 88.4571 	 94.9202 	 20.62
175000 	 88.4571 	 93.7173 	 20.53
176000 	 88.4571 	 93.333 	 20.44
177000 	 88.4571 	 93.2891 	 20.45
178000 	 88.4571 	 94.5802 	 20.42
179000 	 88.4571 	 93.3312 	 20.43
180000 	 88.4571 	 93.5589 	 20.45
181000 	 88.4571 	 93.0499 	 20.47
182000 	 88.4571 	 93.6695 	 20.47
183000 	 88.4571 	 114.726 	 20.48
184000 	 88.4571 	 93.7215 	 20.48
185000 	 88.4571 	 92.9963 	 20.46
186000 	 88.4571 	 95.1405 	 20.46
187000 	 88.4571 	 137.622 	 20.47
188000 	 88.4571 	 95.4342 	 20.46
189000 	 88.4571 	 95.423 	 20.47
190000 	 88.4571 	 124.116 	 20.47
191000 	 88.4571 	 95.2617 	 20.47
192000 	 88.4571 	 136.144 	 20.5
193000 	 88.4215 	 93.9207 	 20.5
194000 	 88.4215 	 98.1004 	 20.51
195000 	 88.4215 	 96.3567 	 20.51
196000 	 88.4215 	 95.2403 	 20.43
197000 	 88.4215 	 155.358 	 20.43
198000 	 88.4215 	 92.5709 	 20.43
199000 	 88.4215 	 94.7079 	 20.43
200000 	 88.4215 	 93.0537 	 20.46
201000 	 88.4215 	 93.7964 	 20.45
202000 	 88.4215 	 116.569 	 20.47
203000 	 88.4215 	 94.7223 	 20.4
204000 	 88.4215 	 92.3102 	 20.4
205000 	 88.4215 	 92.4793 	 20.4
206000 	 88.4215 	 92.4829 	 20.37
207000 	 88.4215 	 96.625 	 20.38
208000 	 88.4215 	 93.1932 	 20.35
209000 	 88.4215 	 96.1075 	 20.37
210000 	 88.4215 	 113.908 	 20.38
211000 	 88.4215 	 138.469 	 20.4
212000 	 88.4215 	 91.7832 	 20.4
213000 	 88.4215 	 97.3168 	 20.43
214000 	 88.4215 	 155.457 	 20.42
215000 	 88.4215 	 93.2374 	 20.42
216000 	 88.4215 	 92.2555 	 20.42
217000 	 88.4215 	 116.716 	 20.45
218000 	 88.4215 	 119.695 	 20.45
219000 	 88.4215 	 98.3957 	 20.44
220000 	 88.4215 	 93.7612 	 20.48
221000 	 88.4215 	 96.3052 	 20.46
222000 	 88.4215 	 94.1669 	 20.48
223000 	 88.4215 	 92.3343 	 20.48
224000 	 88.4215 	 94.9396 	 20.49
225000 	 88.4215 	 94.7914 	 20.49
226000 	 88.3347 	 99.2863 	 20.54
227000 	 88.3347 	 139.715 	 20.53
228000 	 88.3347 	 92.44 	 20.54
229000 	 88.3347 	 177.675 	 20.54
230000 	 88.3347 	 94.2711 	 20.54
231000 	 88.3347 	 95.6013 	 20.54
232000 	 88.3347 	 111.02 	 20.54
233000 	 88.3347 	 137.014 	 20.55
234000 	 88.3347 	 95.3841 	 20.56
235000 	 88.3347 	 94.8247 	 20.55
236000 	 88.3347 	 95.3241 	 20.55
237000 	 88.3347 	 95.968 	 20.55
238000 	 88.3347 	 92.499 	 20.56
239000 	 88.3347 	 93.2036 	 20.57
240000 	 83.1734 	 93.1826 	 20.78
241000 	 83.1734 	 92.6191 	 20.81
242000 	 83.1734 	 156.738 	 20.83
243000 	 83.1734 	 91.4874 	 20.85
244000 	 83.1734 	 90.2228 	 21.05
245000 	 83.1734 	 92.7689 	 20.87
246000 	 83.1734 	 96.912 	 21.05
247000 	 83.1734 	 124.022 	 20.87
248000 	 83.1734 	 94.8143 	 20.87
249000 	 83.1734 	 157.177 	 20.87
250000 	 83.1734 	 94.8008 	 20.9
251000 	 83.1734 	 96.3216 	 20.92
252000 	 83.1734 	 92.5667 	 20.91
253000 	 83.1734 	 96.5603 	 20.91
254000 	 83.1734 	 113.516 	 20.91
255000 	 83.1734 	 96.1043 	 20.92
256000 	 83.1734 	 97.7312 	 20.91
257000 	 83.1734 	 92.8357 	 20.92
258000 	 83.1734 	 109.363 	 20.91
259000 	 83.1734 	 94.6296 	 20.93
260000 	 83.1734 	 93.6065 	 20.94
261000 	 83.1734 	 100.91 	 21.13
262000 	 83.1734 	 94.445 	 20.95
263000 	 83.1734 	 92.0319 	 21.13
264000 	 83.1734 	 92.1797 	 20.96
265000 	 83.1734 	 93.1061 	 20.97
266000 	 83.1734 	 90.5972 	 20.98
267000 	 83.1734 	 153.243 	 21.01
268000 	 83.1734 	 120.573 	 21.02
269000 	 83.1734 	 91.7627 	 21.21
270000 	 83.1734 	 92.75 	 21.21
271000 	 83.1734 	 92.1154 	 21.21
272000 	 83.1734 	 93.0701 	 21.22
273000 	 83.1734 	 93.9866 	 21.22
274000 	 83.1734 	 93.0448 	 21.25
275000 	 83.1734 	 92.4221 	 21.27
276000 	 83.1734 	 92.7205 	 21.27
277000 	 83.1734 	 95.1159 	 21.29
278000 	 83.1734 	 92.3337 	 21.48
279000 	 83.1734 	 93.7539 	 21.3
280000 	 83.1734 	 93.604 	 21.32
281000 	 83.1734 	 91.6701 	 21.32
282000 	 83.1734 	 94.6652 	 21.33
283000 	 83.1734 	 95.2049 	 21.33
284000 	 83.1734 	 91.2169 	 21.34
285000 	 83.1734 	 95.187 	 21.35
286000 	 83.1734 	 94.5344 	 21.37
287000 	 83.1734 	 96.0536 	 21.36
288000 	 83.1734 	 91.0555 	 21.36
289000 	 83.1734 	 91.4048 	 21.37
290000 	 83.1734 	 91.5649 	 21.38
291000 	 83.1734 	 137.183 	 21.55
292000 	 83.1734 	 135.19 	 21.42
293000 	 83.1734 	 94.1317 	 21.42
294000 	 83.1734 	 98.3945 	 21.43
295000 	 83.1734 	 92.6352 	 21.43
296000 	 83.1734 	 93.1628 	 21.43
297000 	 83.1734 	 91.7722 	 21.42
298000 	 83.1734 	 90.6991 	 21.61
299000 	 83.1734 	 90.7066 	 21.61
300000 	 83.1734 	 90.6712 	 21.52
301000 	 82.5523 	 92.234 	 21.69
302000 	 82.5523 	 93.8766 	 21.69
303000 	 82.5523 	 94.6543 	 21.69
304000 	 82.5523 	 92.0403 	 21.69
305000 	 82.5523 	 94.6957 	 21.86
306000 	 82.5523 	 109.962 	 21.68
307000 	 82.5523 	 92.4114 	 21.85
308000 	 82.5523 	 93.5878 	 21.85
309000 	 82.5523 	 91.7653 	 22.03
310000 	 82.5523 	 90.8464 	 21.94
311000 	 82.5523 	 97.5642 	 21.85
312000 	 82.5523 	 93.516 	 22.03
313000 	 82.5523 	 110.043 	 22.02
314000 	 82.5523 	 92.2676 	 22.03
315000 	 82.5523 	 156.1 	 22.02
316000 	 82.5523 	 92.5393 	 22.03
317000 	 82.5523 	 91.2773 	 22.03
318000 	 82.5523 	 94.0818 	 22.2
319000 	 82.5523 	 93.016 	 22.03
320000 	 82.5523 	 91.2347 	 22.21
321000 	 82.5523 	 90.6647 	 22.2
322000 	 82.5523 	 92.0802 	 22.03
323000 	 82.5523 	 96.8603 	 22.12
324000 	 82.5523 	 91.9447 	 22.03
325000 	 82.5523 	 91.562 	 22.03
326000 	 82.5523 	 92.6603 	 22.03
327000 	 82.5523 	 91.0371 	 22.2
328000 	 82.5523 	 91.5062 	 22.3
329000 	 82.5523 	 92.3521 	 22.21
330000 	 82.5523 	 96.4793 	 22.48
331000 	 82.5523 	 92.6666 	 22.39
332000 	 82.5523 	 88.4746 	 22.3
333000 	 82.5523 	 110.413 	 22.47
334000 	 82.5523 	 91.6478 	 22.47
335000 	 82.5523 	 93.9653 	 22.47
336000 	 82.5523 	 90.5308 	 22.64
337000 	 82.5523 	 93.2252 	 22.47
338000 	 82.5523 	 122.036 	 22.64
339000 	 82.5523 	 109.665 	 22.47
340000 	 82.5523 	 90.6137 	 22.47
341000 	 82.5523 	 95.3589 	 22.65
342000 	 82.5523 	 137.829 	 22.83
343000 	 82.5523 	 92.3667 	 22.47
344000 	 82.5523 	 92.4234 	 22.82
345000 	 82.5523 	 94.5335 	 22.64
346000 	 82.5523 	 91.8685 	 22.47
347000 	 82.5523 	 93.9415 	 22.64
348000 	 82.5523 	 95.7345 	 22.47
349000 	 82.5523 	 94.7604 	 22.64
350000 	 82.5523 	 91.8145 	 22.47
351000 	 82.5523 	 94.4635 	 22.46
352000 	 82.5523 	 93.128 	 22.44
353000 	 82.5523 	 92.2253 	 22.44
354000 	 82.5523 	 92.0203 	 22.79
355000 	 82.5523 	 92.1657 	 22.88
356000 	 82.5523 	 91.7529 	 23.05
357000 	 82.5523 	 90.8931 	 22.7
358000 	 82.5523 	 96.7905 	 23.15
359000 	 82.5523 	 89.9981 	 23.06
360000 	 82.5523 	 94.0194 	 23.05
361000 	 82.5523 	 92.806 	 23.41
362000 	 82.5523 	 90.3965 	 23.47
363000 	 82.5523 	 94.9329 	 23.56
364000 	 82.5523 	 96.9428 	 23.57
365000 	 82.5523 	 92.0489 	 23.57
366000 	 82.5523 	 91.6646 	 23.49
367000 	 79.0761 	 90.9329 	 23.4
368000 	 79.0761 	 92.0239 	 23.58
369000 	 79.0761 	 90.8138 	 23.76
370000 	 79.0761 	 138.255 	 23.58
371000 	 79.0761 	 91.2632 	 23.68
372000 	 79.0761 	 91.8605 	 23.59
373000 	 79.0761 	 90.6464 	 23.94
374000 	 79.0761 	 109.209 	 23.59
375000 	 79.0761 	 95.0533 	 23.94
376000 	 79.0761 	 89.7287 	 23.76
377000 	 79.0761 	 95.0531 	 23.77
378000 	 79.0761 	 92.3528 	 23.59
379000 	 79.0761 	 92.1493 	 23.94
380000 	 79.0761 	 92.6046 	 24.04
381000 	 79.0761 	 93.0926 	 24.49
382000 	 79.0761 	 96.2794 	 24.22
383000 	 79.0761 	 139.037 	 24.49
384000 	 79.0761 	 95.3137 	 24.4
385000 	 79.0761 	 157.703 	 24.49
386000 	 79.0761 	 95.43 	 24.4
387000 	 79.0761 	 111.24 	 24.67
388000 	 79.0761 	 96.8992 	 24.4
389000 	 79.0761 	 93.1198 	 24.75
390000 	 79.0761 	 110.255 	 24.49
391000 	 79.0761 	 154.792 	 24.57
392000 	 79.0761 	 93.9753 	 24.49
393000 	 79.0761 	 91.6121 	 24.85
394000 	 79.0761 	 90.5035 	 24.76
395000 	 79.0761 	 91.4736 	 24.67
396000 	 79.0761 	 90.7678 	 24.59
397000 	 79.0761 	 101.247 	 24.76
398000 	 79.0761 	 93.9824 	 24.93
399000 	 79.0761 	 91.3746 	 24.68
400000 	 79.0761 	 91.1356 	 24.59
401000 	 79.0761 	 93.5182 	 24.94
402000 	 79.0761 	 89.6856 	 24.95
403000 	 79.0761 	 128.685 	 24.95
404000 	 79.0761 	 90.1588 	 25.03
405000 	 79.0761 	 90.4607 	 25.03
406000 	 79.0761 	 135.546 	 25.11
407000 	 79.0761 	 93.8582 	 25.2
408000 	 79.0761 	 93.3458 	 24.94
409000 	 79.0761 	 116.345 	 25.2
410000 	 79.0761 	 90.8752 	 25.3
411000 	 79.0761 	 90.5855 	 25.3
412000 	 79.0761 	 89.8592 	 25.3
413000 	 79.0761 	 93.7372 	 25.56
414000 	 79.0761 	 130.76 	 26
415000 	 79.0761 	 89.4573 	 25.73
416000 	 79.0761 	 91.9096 	 26.08
417000 	 79.0761 	 93.7505 	 25.91
418000 	 79.0761 	 110.661 	 25.82
419000 	 79.0761 	 91.8028 	 26.09
420000 	 79.0761 	 91.2635 	 26.18
421000 	 79.0761 	 98.8604 	 26.26
422000 	 79.0761 	 89.2897 	 25.99
423000 	 79.0761 	 91.9929 	 26.24
424000 	 79.0761 	 90.5212 	 26.16
425000 	 79.0761 	 91.2613 	 26.32
426000 	 79.0761 	 91.6614 	 26.23
427000 	 79.0761 	 92.1141 	 26.24
428000 	 79.0761 	 95.0366 	 26.41
429000 	 79.0761 	 117.96 	 26.5
430000 	 79.0761 	 89.7029 	 26.5
431000 	 79.0761 	 92.5748 	 26.32
432000 	 79.0761 	 90.783 	 26.32
433000 	 79.0761 	 90.8231 	 26.51
434000 	 79.0761 	 90.3366 	 26.5
435000 	 79.0761 	 93.7792 	 26.51
436000 	 79.0761 	 91.2146 	 26.5
437000 	 79.0761 	 90.3742 	 26.59
438000 	 79.0761 	 90.0233 	 26.84
439000 	 79.0761 	 89.8296 	 26.67
440000 	 79.0761 	 89.7141 	 26.86
441000 	 79.0761 	 90.4307 	 26.86
442000 	 79.0761 	 100.776 	 26.95
443000 	 79.0761 	 89.9622 	 27.29
444000 	 79.0761 	 90.3865 	 27.29
445000 	 79.0761 	 96.3297 	 27.37
446000 	 79.0761 	 92.6787 	 27.45
447000 	 79.0761 	 92.1497 	 27.38
448000 	 79.0761 	 101.948 	 27.47
449000 	 79.0761 	 91.6233 	 27.55
450000 	 79.0761 	 93.4263 	 27.56
451000 	 79.0761 	 153.236 	 27.9
452000 	 79.0761 	 132.785 	 27.55
453000 	 79.0761 	 90.0067 	 27.64
454000 	 79.0761 	 111.182 	 27.81
455000 	 79.0761 	 96.4174 	 27.64
456000 	 79.0761 	 93.1443 	 27.74
457000 	 79.0761 	 154.287 	 28.01
458000 	 79.0761 	 91.2405 	 28
459000 	 79.0761 	 115.719 	 28.18
460000 	 79.0761 	 90.6475 	 28.19
461000 	 79.0761 	 96.5037 	 28.1
462000 	 79.0761 	 95.1175 	 28.17
463000 	 79.0761 	 146.275 	 28.1
464000 	 79.0761 	 101.363 	 28.09
465000 	 79.0761 	 90.7897 	 28.17
466000 	 79.0761 	 91.1773 	 28.01
467000 	 79.0761 	 90.1554 	 28.27
468000 	 79.0761 	 90.1773 	 28.09
469000 	 79.0761 	 132.763 	 28.17
470000 	 79.0761 	 91.3161 	 28.01
471000 	 79.0761 	 91.0512 	 28.19
472000 	 79.0761 	 90.7984 	 28.35
473000 	 79.0761 	 91.2292 	 28.35
474000 	 79.0761 	 90.9124 	 28.27
475000 	 79.0761 	 89.7934 	 28.44
476000 	 79.0761 	 111.309 	 28.36
477000 	 79.0761 	 89.3011 	 28.35
478000 	 79.0761 	 115.533 	 28.53
479000 	 79.0761 	 90.68 	 28.54
480000 	 79.0761 	 89.0236 	 28.54
481000 	 79.0761 	 112.953 	 28.62
482000 	 79.0761 	 91.0179 	 28.53
483000 	 79.0761 	 93.241 	 28.63
484000 	 79.0761 	 89.8705 	 28.62
485000 	 79.0761 	 92.1924 	 28.98
486000 	 79.0761 	 89.4418 	 29.17
487000 	 79.0761 	 91.3969 	 29.43
488000 	 79.0761 	 95.9978 	 29.33
489000 	 79.0761 	 90.071 	 29.34
490000 	 79.0761 	 90.0383 	 29.42
491000 	 79.0761 	 108.271 	 29.51
492000 	 79.0761 	 92.7295 	 29.61
493000 	 79.0761 	 99.8719 	 29.88
494000 	 79.0761 	 118.758 	 29.97
495000 	 79.0761 	 88.6214 	 30.25
496000 	 79.0761 	 98.9969 	 30.26
497000 	 79.0761 	 90.5975 	 30.18
498000 	 79.0761 	 90.7312 	 30.18
499000 	 79.0761 	 90.1851 	 30.52
500000 	 79.0761 	 120.177 	 30.35
jenny@jenny-G50VT ~/docu/572/b $ 

