popu[93] dep: 2
popu[94] dep: 1
popu[95] dep: 1
popu[96] dep: 2
popu[97] dep: 3
popu[98] dep: 2
popu[99] dep: 3
Population Information: 
min:198.152
avg:651379
avgSize:9.37
200 	 198.1 	 200.581 	 6.44
400 	 198.1 	 264.125 	 5.75
600 	 198.1 	 200.642 	 5.74
800 	 198.072 	 263.623 	 6.23
1000 	 198.048 	 199.789 	 6.29
1200 	 197.478 	 199.65 	 7.77
1400 	 197.478 	 198.609 	 9.66
1600 	 197.478 	 201.214 	 10.61
1800 	 197.279 	 272.385 	 11.18
2000 	 197.279 	 198.545 	 12.36
2200 	 197.058 	 202.257 	 15.61
2400 	 169.365 	 214.328 	 17.91
2600 	 169.365 	 216.628 	 17.78
2800 	 169.365 	 213.077 	 18.39
3000 	 157.782 	 197.998 	 19.71
3200 	 157.782 	 199.964 	 21.44
3400 	 157.782 	 198.11 	 22.44
3600 	 157.782 	 197.956 	 22.21
3800 	 157.782 	 208.821 	 24.56
4000 	 157.782 	 197.881 	 26.5
4200 	 157.782 	 198.714 	 28.17
4400 	 157.782 	 249.023 	 28.87
4600 	 157.782 	 197.055 	 29.87
4800 	 154.284 	 194.823 	 32.52
5000 	 151.519 	 192.662 	 37.09
5200 	 151.519 	 194.119 	 36.89
5400 	 149.023 	 188.577 	 43.71
5600 	 146.237 	 186.589 	 46.22
5800 	 127.393 	 181.62 	 59.66
6000 	 127.393 	 185.595 	 64.38
6200 	 112.369 	 180.411 	 69.97
6400 	 112.369 	 188.675 	 74.88
6600 	 112.369 	 172.243 	 89.52
6800 	 112.369 	 169.851 	 91.45
7000 	 112.369 	 204.723 	 98.49
7200 	 112.369 	 165.764 	 97.21
7400 	 112.369 	 161.224 	 102.19
7600 	 112.369 	 159.82 	 105.33
7800 	 112.369 	 203.788 	 109.15
8000 	 112.369 	 155.976 	 117.59
8200 	 112.369 	 202.988 	 119.46
8400 	 112.369 	 2407.68 	 121.12
8600 	 112.369 	 161.547 	 131.56
8800 	 112.369 	 146.912 	 131.44
9000 	 112.369 	 149.125 	 129.88
9200 	 112.369 	 146.715 	 132.94
9400 	 112.369 	 158.512 	 132.62
9600 	 112.369 	 147.256 	 131.42
9800 	 112.369 	 149.242 	 131.64
10000 	 112.369 	 145.769 	 131.92
10200 	 112.369 	 213.81 	 132.6
10400 	 112.369 	 145.22 	 133.92
10600 	 112.369 	 163.707 	 134.1
10800 	 112.369 	 143.183 	 131.94
11000 	 112.369 	 158.287 	 131.14
11200 	 112.369 	 142.589 	 128.42
11400 	 112.369 	 144.409 	 126.48
11600 	 112.369 	 142.193 	 127.96
11800 	 111.172 	 139.924 	 122.28
12000 	 111.172 	 142.525 	 121.52
12200 	 111.172 	 141.896 	 120.66
12400 	 111.172 	 141.44 	 119.4
12600 	 111.172 	 140.559 	 118.36
12800 	 111.172 	 140.797 	 118.32
13000 	 111.172 	 169.124 	 114.62
13200 	 111.172 	 139.022 	 115.3
13400 	 111.172 	 139.457 	 114.96
13600 	 111.172 	 139.109 	 114.14
13800 	 106.933 	 140.871 	 113.74
14000 	 106.933 	 137.92 	 112.8
14200 	 106.933 	 149.98 	 112.04
14400 	 106.933 	 138.055 	 113.3
14600 	 106.933 	 138.506 	 110.92
14800 	 106.933 	 136.929 	 110.58
15000 	 106.933 	 135.027 	 106.66
15200 	 106.933 	 136.559 	 106.92
15400 	 106.933 	 136.658 	 105.36
15600 	 106.933 	 134.739 	 104.76
15800 	 106.933 	 137.19 	 103.42
16000 	 106.933 	 134.678 	 103.76
16200 	 106.933 	 139.616 	 101.9
16400 	 106.933 	 275.273 	 100.88
16600 	 106.933 	 168.079 	 100.34
16800 	 105.739 	 134.427 	 98.38
17000 	 105.739 	 131.15 	 98.78
17200 	 105.739 	 132.81 	 97.2
17400 	 105.739 	 132.041 	 97.24
17600 	 105.739 	 135.329 	 96.04
17800 	 105.739 	 130.71 	 96.98
18000 	 105.739 	 131.691 	 97.04
18200 	 105.739 	 235.391 	 94.52
18400 	 105.739 	 138.693 	 95.88
18600 	 105.739 	 131.05 	 94.26
18800 	 105.739 	 130.014 	 93.94
19000 	 105.739 	 194.05 	 93.46
19200 	 105.739 	 129.198 	 93.26
19400 	 105.739 	 166.662 	 91.78
19600 	 105.739 	 191.876 	 91.92
19800 	 105.739 	 129.484 	 87.64
20000 	 105.739 	 132.846 	 85.08
20200 	 105.739 	 365.421 	 85.56
20400 	 105.739 	 126.321 	 85.36
20600 	 105.739 	 127.566 	 86.12
20800 	 105.739 	 131.859 	 83.88
21000 	 105.739 	 126.574 	 83.74
21200 	 105.739 	 126.999 	 84.94
21400 	 105.739 	 127.515 	 84.78
21600 	 105.739 	 164.403 	 83.22
21800 	 105.739 	 161.311 	 81.74
22000 	 105.739 	 139.807 	 81.64
22200 	 105.739 	 125.338 	 84.36
22400 	 105.739 	 125.611 	 84.12
22600 	 105.739 	 137.637 	 84.58
22800 	 105.739 	 125.282 	 83.12
23000 	 105.739 	 124.39 	 84.12
23200 	 105.739 	 130.631 	 82
23400 	 105.739 	 127.142 	 82.34
23600 	 105.739 	 125.047 	 83.12
23800 	 105.739 	 122.725 	 83.66
24000 	 105.739 	 123.045 	 84.7
24200 	 105.739 	 123.432 	 88.24
24400 	 105.739 	 167.397 	 88.68
24600 	 105.739 	 124.758 	 87.74
24800 	 105.739 	 122.51 	 88.14
25000 	 105.739 	 121.9 	 88.14
25200 	 105.739 	 130.023 	 88.52
25400 	 105.739 	 122.392 	 86.86
25600 	 105.739 	 122.615 	 87.74
25800 	 105.739 	 148.358 	 88.04
26000 	 105.739 	 153.237 	 87.96
26200 	 105.034 	 120.73 	 85.58
26400 	 105.034 	 121.03 	 85.12
26600 	 105.034 	 184.865 	 85.48
26800 	 105.034 	 121.024 	 85.86
27000 	 105.034 	 119.991 	 87.72
27200 	 105.034 	 167.051 	 87.34
27400 	 104.922 	 119.809 	 88.9
27600 	 104.922 	 119.419 	 88.36
27800 	 104.922 	 119.375 	 87.86
28000 	 104.922 	 128.351 	 87.52
28200 	 104.922 	 119.267 	 88.12
28400 	 104.922 	 118.888 	 90.6
28600 	 104.922 	 125.478 	 89.04
28800 	 104.922 	 124.422 	 90.92
29000 	 104.922 	 166.715 	 91.74
29200 	 104.922 	 121.292 	 90.48
29400 	 104.922 	 116.158 	 89.16
29600 	 104.922 	 118.134 	 89
29800 	 104.922 	 121.465 	 88.78
30000 	 104.922 	 118.697 	 90.64
30200 	 104.922 	 119.797 	 89.38
30400 	 104.922 	 117.157 	 91.1
30600 	 104.922 	 117.839 	 87.62
30800 	 104.922 	 120.754 	 87.8
31000 	 104.922 	 123.385 	 87.24
31200 	 104.922 	 153.118 	 87.76
31400 	 104.922 	 117.31 	 87.98
31600 	 104.922 	 176.487 	 90.24
31800 	 104.922 	 181.198 	 88.26
32000 	 104.67 	 116.348 	 89.1
32200 	 104.67 	 115.696 	 87.88
32400 	 104.67 	 116.809 	 87.8
32600 	 104.67 	 119.799 	 89.42
32800 	 104.67 	 116.22 	 88.42
33000 	 104.67 	 117.047 	 87.96
33200 	 104.67 	 118.115 	 87.64
33400 	 104.67 	 118.448 	 86.7
33600 	 104.67 	 119.628 	 87.08
33800 	 104.67 	 141.318 	 86.98
34000 	 104.67 	 115.422 	 85.68
34200 	 104.67 	 116.467 	 87.4
34400 	 104.67 	 115.65 	 85.44
34600 	 104.67 	 117.951 	 86
34800 	 104.67 	 115.488 	 84.82
35000 	 104.67 	 117.543 	 83.04
35200 	 104.67 	 115.627 	 83.52
35400 	 104.67 	 116.026 	 82.76
35600 	 104.67 	 116.254 	 82.54
35800 	 104.67 	 119.402 	 81.02
36000 	 104.67 	 151.255 	 80.7
36200 	 104.67 	 158.662 	 81.12
36400 	 104.67 	 151.774 	 80.98
36600 	 104.67 	 122.002 	 81.96
36800 	 104.67 	 125.31 	 81.26
37000 	 104.67 	 115.704 	 80.7
37200 	 104.67 	 133.048 	 80.92
37400 	 104.67 	 115.578 	 80.6
37600 	 104.67 	 115.246 	 81.48
37800 	 104.67 	 117.202 	 78.7
38000 	 104.67 	 116.247 	 78.32
38200 	 104.67 	 115.744 	 79.38
38400 	 104.67 	 115.739 	 79.02
38600 	 104.67 	 115.236 	 79.32
38800 	 104.67 	 115.966 	 78.92
39000 	 104.67 	 116.967 	 76.68
39200 	 104.67 	 117.099 	 74.36
39400 	 104.67 	 115.309 	 74.32
39600 	 104.67 	 115.595 	 74.64
39800 	 104.67 	 158.565 	 74.38
40000 	 104.67 	 116.184 	 74.38
40200 	 104.67 	 116.178 	 75.04
40400 	 104.67 	 115.031 	 74.48
40600 	 104.67 	 113.96 	 74.26
40800 	 104.67 	 159.293 	 73.32
41000 	 104.67 	 181.13 	 72.52
41200 	 104.67 	 130.417 	 72.52
41400 	 104.67 	 150.354 	 72.72
41600 	 104.67 	 114.535 	 72.2
41800 	 104.67 	 115.218 	 72.24
42000 	 104.67 	 114.48 	 71.32
42200 	 104.67 	 114.786 	 71.84
42400 	 104.67 	 120.78 	 71.52
42600 	 104.67 	 117.394 	 70.96
42800 	 104.67 	 115.533 	 70.96
43000 	 104.67 	 115.536 	 70.8
43200 	 104.67 	 131.278 	 69.28
43400 	 104.67 	 129.449 	 68.9
43600 	 104.67 	 123.946 	 68.7
43800 	 104.67 	 158.108 	 68.72
44000 	 104.67 	 114.216 	 68.62
44200 	 104.67 	 117.578 	 67.52
44400 	 104.67 	 114.878 	 67.14
44600 	 104.67 	 177.841 	 67.46
44800 	 104.67 	 115.505 	 67.7
45000 	 104.67 	 114.842 	 66.94
45200 	 104.67 	 119.101 	 66.36
45400 	 104.67 	 114.246 	 66.66
45600 	 104.67 	 115.129 	 67.16
45800 	 104.67 	 115.844 	 67.24
46000 	 104.67 	 113.93 	 66.22
46200 	 104.67 	 115.505 	 65.12
46400 	 104.67 	 170.12 	 65.44
46600 	 104.67 	 116.036 	 64.86
46800 	 104.67 	 114.614 	 64.86
47000 	 104.67 	 116.506 	 65.42
47200 	 104.67 	 115.132 	 65.14
47400 	 104.67 	 115.1 	 64.9
47600 	 104.67 	 113.938 	 64.88
47800 	 104.67 	 122.757 	 64.24
48000 	 104.67 	 114.678 	 64.34
48200 	 104.67 	 133.269 	 65
48400 	 104.67 	 116.664 	 64.2
48600 	 104.67 	 116.168 	 64.24
48800 	 104.67 	 114.322 	 64.54
49000 	 104.67 	 160.307 	 64.54
49200 	 104.67 	 155.326 	 64.84
49400 	 104.67 	 114.513 	 64.94
49600 	 104.67 	 118.035 	 64.42
49800 	 104.67 	 115.211 	 64.46
50000 	 104.67 	 114.317 	 64.54
50200 	 104.67 	 112.911 	 64.4
50400 	 104.67 	 179.541 	 64.9
50600 	 104.67 	 114.767 	 64.68
50800 	 104.67 	 113.995 	 64.34
51000 	 104.67 	 116.424 	 62.28
51200 	 104.67 	 115.146 	 61.64
51400 	 104.67 	 115 	 61.78
51600 	 104.67 	 154.344 	 62.06
51800 	 104.67 	 114.633 	 61.5
52000 	 104.67 	 114.892 	 61.5
52200 	 104.67 	 115.1 	 62.34
52400 	 104.67 	 117.192 	 61.22
52600 	 104.67 	 180.208 	 60.66
52800 	 104.67 	 157.067 	 58.32
53000 	 104.67 	 118.211 	 59.32
53200 	 104.67 	 130.754 	 59
53400 	 104.67 	 112.695 	 57.2
53600 	 104.67 	 114.208 	 57.04
53800 	 104.67 	 117.373 	 57.52
54000 	 104.67 	 112.911 	 56.96
54200 	 104.67 	 118.649 	 57.02
54400 	 104.67 	 117.177 	 56.82
54600 	 104.67 	 119.653 	 55.26
54800 	 104.67 	 117.502 	 56.08
55000 	 104.67 	 114.863 	 56.38
55200 	 104.67 	 114.031 	 55.36
55400 	 104.67 	 113.362 	 54.1
55600 	 104.67 	 115.989 	 53.14
55800 	 104.67 	 114.036 	 52.22
56000 	 104.67 	 113.163 	 51.6
56200 	 104.67 	 112.867 	 51.94
56400 	 104.67 	 149.19 	 51.7
56600 	 104.67 	 114.075 	 51
56800 	 104.67 	 113.084 	 50.52
57000 	 104.67 	 115.015 	 50.46
57200 	 104.67 	 115.422 	 49.68
57400 	 104.67 	 151.725 	 50.66
57600 	 104.67 	 117.582 	 50.14
57800 	 104.67 	 113.615 	 50.7
58000 	 104.67 	 112.406 	 49.66
58200 	 104.67 	 113.77 	 49.26
58400 	 104.67 	 112.595 	 48.42
58600 	 104.67 	 115.213 	 47.38
58800 	 104.67 	 149.708 	 47.92
59000 	 104.67 	 128.815 	 47.58
59200 	 104.058 	 111.622 	 48.76
59400 	 104.058 	 115.689 	 48.7
59600 	 104.058 	 184.35 	 49.06
59800 	 104.058 	 112.55 	 48.5
60000 	 104.058 	 158.023 	 48.64
60200 	 104.058 	 112.928 	 49.18
60400 	 104.058 	 235.742 	 49.28
60600 	 104.058 	 115.579 	 48.56
60800 	 104.058 	 140.918 	 48.42
61000 	 104.058 	 117.129 	 48.66
61200 	 104.058 	 112.394 	 48.56
61400 	 104.058 	 116.307 	 47.36
61600 	 104.058 	 112.382 	 47.5
61800 	 104.058 	 122.558 	 47.44
62000 	 104.058 	 112.845 	 47.78
62200 	 104.058 	 112.676 	 47.5
62400 	 104.058 	 112.333 	 47.18
62600 	 104.058 	 112.542 	 48.12
62800 	 104.058 	 112.299 	 47.68
63000 	 104.058 	 111.453 	 47.68
63200 	 104.058 	 112.412 	 48.6
63400 	 104.058 	 113.142 	 48.46
63600 	 104.058 	 113.944 	 47.04
63800 	 104.058 	 114.243 	 47.12
64000 	 104.058 	 113.364 	 46.76
64200 	 104.058 	 119.734 	 48.18
64400 	 104.058 	 111.81 	 47.28
64600 	 104.058 	 112.392 	 47.28
64800 	 104.058 	 112.349 	 47.6
65000 	 104.058 	 116.276 	 47.62
65200 	 104.058 	 113.608 	 47.14
65400 	 104.058 	 112.542 	 47.22
65600 	 104.058 	 112.097 	 47.76
65800 	 104.058 	 111.589 	 46.88
66000 	 104.058 	 122.839 	 46.88
66200 	 104.058 	 112.935 	 47.4
66400 	 104.058 	 115.836 	 47.08
66600 	 104.058 	 113.332 	 47.42
66800 	 104.058 	 111.717 	 47.24
67000 	 104.058 	 112.301 	 46.94
67200 	 104.058 	 112.822 	 47.14
67400 	 104.058 	 113.346 	 46.58
67600 	 104.058 	 113.465 	 46.1
67800 	 104.058 	 117.46 	 45.9
68000 	 104.058 	 112.681 	 45.86
68200 	 104.058 	 111.572 	 46
68400 	 104.058 	 112.203 	 46.06
68600 	 104.058 	 126.954 	 46.22
68800 	 103.734 	 116.143 	 46.18
69000 	 103.734 	 113.495 	 46.26
69200 	 103.734 	 112.161 	 46.36
69400 	 103.734 	 130.875 	 46.78
69600 	 103.734 	 111.942 	 46.5
69800 	 103.734 	 111.827 	 46.5
70000 	 103.734 	 110.245 	 46.02
70200 	 103.734 	 112.706 	 46.06
70400 	 103.734 	 112.204 	 46.36
70600 	 103.734 	 111.734 	 46.06
70800 	 103.734 	 111.366 	 46.34
71000 	 103.734 	 111.856 	 45.98
71200 	 103.734 	 110.583 	 46.18
71400 	 103.734 	 111.805 	 45.96
71600 	 103.734 	 111.433 	 45.48
71800 	 103.734 	 112.483 	 45.52
72000 	 103.734 	 111.387 	 45.32
72200 	 103.734 	 174.404 	 45.56
72400 	 103.734 	 111.568 	 45.9
72600 	 103.734 	 112.062 	 45.56
72800 	 103.734 	 110.954 	 46.04
73000 	 103.734 	 110.626 	 46.52
73200 	 103.734 	 154.512 	 46.14
73400 	 103.734 	 123.586 	 46.28
73600 	 103.734 	 110.291 	 45.96
73800 	 103.734 	 111.796 	 45.76
74000 	 103.734 	 112.337 	 45.76
74200 	 103.734 	 111.865 	 45.7
74400 	 103.734 	 130.952 	 45.66
74600 	 103.734 	 153.805 	 46
74800 	 103.734 	 110.216 	 46.06
75000 	 103.734 	 111.788 	 46.3
75200 	 103.734 	 114.18 	 46.34
75400 	 103.734 	 111.202 	 46.82
75600 	 103.734 	 117.951 	 46.14
75800 	 103.734 	 110.854 	 45.98
76000 	 103.734 	 111.239 	 45.04
76200 	 103.734 	 110.875 	 44.7
76400 	 103.734 	 111.249 	 44.18
76600 	 103.734 	 111.128 	 44.48
76800 	 103.734 	 112.927 	 44.18
77000 	 103.734 	 112.251 	 44.38
77200 	 103.734 	 155.334 	 44.04
77400 	 103.734 	 112.38 	 44
77600 	 103.734 	 111.613 	 43.8
77800 	 103.734 	 111.662 	 44.54
78000 	 103.734 	 155 	 44.62
78200 	 103.734 	 111.458 	 44.94
78400 	 103.734 	 175.182 	 44.62
78600 	 103.734 	 114.504 	 45.1
78800 	 103.734 	 111.67 	 44.28
79000 	 103.734 	 153.612 	 44.62
79200 	 103.734 	 122.404 	 44.92
79400 	 103.734 	 109.528 	 44.62
79600 	 103.734 	 180.718 	 44.62
79800 	 103.734 	 111.621 	 44.78
80000 	 103.734 	 110.328 	 44.64
80200 	 103.734 	 111.168 	 45.12
80400 	 103.734 	 111.095 	 45.04
80600 	 103.734 	 194.492 	 44.88
80800 	 103.734 	 111.153 	 44.64
81000 	 103.734 	 111.523 	 45.52
81200 	 103.734 	 110.14 	 44.9
81400 	 103.734 	 109.974 	 44.92
81600 	 103.734 	 113.368 	 44.96
81800 	 103.734 	 111.831 	 44.64
82000 	 103.734 	 110.755 	 44.68
82200 	 103.734 	 115.638 	 44.44
82400 	 103.734 	 129.201 	 44.58
82600 	 103.734 	 110.813 	 44.3
82800 	 103.734 	 111.019 	 44.3
83000 	 103.734 	 159.517 	 44.54
83200 	 103.734 	 126.203 	 44.34
83400 	 103.734 	 110.479 	 44.44
83600 	 103.734 	 111.263 	 45.02
83800 	 103.402 	 110.698 	 45.14
84000 	 103.112 	 110.508 	 45.28
84200 	 103.112 	 147.233 	 43.92
84400 	 103.112 	 110.038 	 43.94
84600 	 103.112 	 111.804 	 43.74
84800 	 103.112 	 118.873 	 45.1
85000 	 103.112 	 109.891 	 45.62
85200 	 103.112 	 145.309 	 46.46
85400 	 103.112 	 111.32 	 46.46
85600 	 103.112 	 108.517 	 45.9
85800 	 103.112 	 122.362 	 46.46
86000 	 103.112 	 109.246 	 46.44
86200 	 103.112 	 110.454 	 46.82
86400 	 103.112 	 113.703 	 46.5
86600 	 103.112 	 110.809 	 46.26
86800 	 103.112 	 182.777 	 46.7
87000 	 103.112 	 160.89 	 46.06
87200 	 103.112 	 110.109 	 46.34
87400 	 103.112 	 112.43 	 46.04
87600 	 103.112 	 129.967 	 46.14
87800 	 103.112 	 110.544 	 46.12
88000 	 103.112 	 110.32 	 46.24
88200 	 103.112 	 109.25 	 46.34
88400 	 103.112 	 110.071 	 45.96
88600 	 103.112 	 110.464 	 46.02
88800 	 103.112 	 199.807 	 46.04
89000 	 103.112 	 113.522 	 46.02
89200 	 103.112 	 173.027 	 45.64
89400 	 103.112 	 109.637 	 45.12
89600 	 103.112 	 110.172 	 45.12
89800 	 103.112 	 108.864 	 45.06
90000 	 103.112 	 110.796 	 45.98
90200 	 103.112 	 155.086 	 45.3
90400 	 103.112 	 109.9 	 45.02
90600 	 103.112 	 118.431 	 45.64
90800 	 103.112 	 110.426 	 45.82
91000 	 103.112 	 110.735 	 45.92
91200 	 103.112 	 110.105 	 45.58
91400 	 103.112 	 110.214 	 45.96
91600 	 103.112 	 109.126 	 46.12
91800 	 103.112 	 109.658 	 46.84
92000 	 103.112 	 115.613 	 47.04
92200 	 103.112 	 109.188 	 47.18
92400 	 103.112 	 109.499 	 46.66
92600 	 103.112 	 152.912 	 46.9
92800 	 103.112 	 111.434 	 46.9
93000 	 103.112 	 154.218 	 47.44
93200 	 103.112 	 1381.83 	 47.46
93400 	 103.112 	 133.785 	 47.94
93600 	 103.034 	 108.748 	 47.44
93800 	 103.034 	 197.483 	 47.34
94000 	 103.034 	 110.536 	 47.3
94200 	 103.034 	 110.055 	 47.3
94400 	 103.034 	 108.156 	 47.72
94600 	 103.034 	 109.528 	 47.5
94800 	 103.034 	 253.657 	 47.24
95000 	 103.034 	 109.172 	 47.3
95200 	 103.034 	 110.245 	 47.4
95400 	 103.034 	 109.69 	 48.02
95600 	 103.034 	 108.197 	 48.18
95800 	 103.034 	 109.676 	 47.78
96000 	 103.034 	 110.984 	 48.04
96200 	 103.034 	 120.738 	 48.46
96400 	 103.034 	 112.357 	 48.32
96600 	 103.034 	 109.897 	 48.22
96800 	 103.034 	 126.376 	 48.8
97000 	 103.034 	 109.691 	 48.96
97200 	 103.034 	 110 	 49.18
97400 	 103.034 	 108.577 	 48.96
97600 	 103.034 	 109.892 	 48.56
97800 	 103.034 	 108.991 	 48.46
98000 	 103.034 	 114.421 	 48.62
98200 	 103.034 	 111.075 	 48.26
98400 	 103.034 	 111.384 	 48.84
98600 	 103.034 	 109.241 	 47.84
98800 	 103.034 	 112.454 	 48.28
99000 	 103.034 	 109.916 	 48.22
99200 	 103.034 	 109.905 	 48.22
99400 	 103.034 	 110.26 	 47.98
99600 	 103.034 	 109.238 	 48.56
99800 	 103.034 	 110.186 	 48.94
100000 	 103.034 	 124.581 	 48.94
jenny@jenny-G50VT ~/docu/572/b $ 

