popu[93] dep: 3
popu[94] dep: 1
popu[95] dep: 2
popu[96] dep: 1
popu[97] dep: 2
popu[98] dep: 2
popu[99] dep: 3
Population Information: 
min:198.655
avg:245035
avgSize:10.57
200 	 197.505 	 199.456 	 13.47
400 	 197.505 	 198.365 	 20.22
600 	 197.505 	 198.364 	 20.3
800 	 197.505 	 198.341 	 21.08
1000 	 197.505 	 199.964 	 21.04
1200 	 197.432 	 198.738 	 21.48
1400 	 162.125 	 197.675 	 23.06
1600 	 162.125 	 197.009 	 24.8
1800 	 162.125 	 194.048 	 29.54
2000 	 162.125 	 193.263 	 32.52
2200 	 162.125 	 191.433 	 35
2400 	 158.611 	 188.954 	 38.82
2600 	 158.611 	 185.702 	 41.78
2800 	 158.611 	 182.948 	 44.06
3000 	 158.611 	 180.12 	 46.28
3200 	 157.029 	 175.525 	 49.36
3400 	 157.029 	 171.97 	 51.64
3600 	 157.029 	 169.655 	 49.62
3800 	 157.029 	 166.092 	 51
4000 	 157.029 	 166.432 	 50.58
4200 	 154.126 	 164.834 	 49.58
4400 	 153.887 	 162.694 	 48
4600 	 153.887 	 162.673 	 47.64
4800 	 153.651 	 161.701 	 45.56
5000 	 146.762 	 162.099 	 45.06
5200 	 146.762 	 161.001 	 44.34
5400 	 146.762 	 160.554 	 43.7
5600 	 146.762 	 158.945 	 42.22
5800 	 146.762 	 158.866 	 42.14
6000 	 146.482 	 157.2 	 39.52
6200 	 146.482 	 156.963 	 38.74
6400 	 146.181 	 156.098 	 35.72
6600 	 142.848 	 153.74 	 32.9
6800 	 140.071 	 152.394 	 32.5
7000 	 138.927 	 152.288 	 28.28
7200 	 133.412 	 149.856 	 29.4
7400 	 133.412 	 149.035 	 29.72
7600 	 133.412 	 146.777 	 29.18
7800 	 133.412 	 146.696 	 27.92
8000 	 133.412 	 144.986 	 27.74
8200 	 133.412 	 144.315 	 25.54
8400 	 133.412 	 145.841 	 24.82
8600 	 133.412 	 144.985 	 25.06
8800 	 133.412 	 142.716 	 23.9
9000 	 133.412 	 144.363 	 23.3
9200 	 133.412 	 143.301 	 23.1
9400 	 133.412 	 142.292 	 22.74
9600 	 133.412 	 142.495 	 22.44
9800 	 133.412 	 143.527 	 22.22
10000 	 133.412 	 146.709 	 22.48
10200 	 130.141 	 143.88 	 22.96
10400 	 130.141 	 140.833 	 24.16
10600 	 130.141 	 140.566 	 24.8
10800 	 130.141 	 138.845 	 26
11000 	 130.141 	 145.527 	 26.12
11200 	 130.141 	 139.711 	 25.84
11400 	 130.141 	 139.394 	 26.82
11600 	 130.141 	 138.074 	 26.66
11800 	 130.141 	 140.028 	 26.92
12000 	 130.141 	 138.889 	 27.3
12200 	 130.141 	 139.228 	 27.74
12400 	 130.141 	 138.503 	 27.54
12600 	 124.102 	 138.204 	 27.98
12800 	 124.102 	 140.215 	 27.4
13000 	 124.102 	 138.95 	 27.92
13200 	 124.102 	 137.701 	 27.9
13400 	 124.102 	 137.315 	 26.98
13600 	 124.102 	 190.573 	 27.34
13800 	 124.102 	 136.579 	 27.5
14000 	 124.102 	 136.448 	 27.44
14200 	 123.338 	 136.841 	 28.08
14400 	 117.375 	 136.196 	 28.6
14600 	 117.375 	 149.469 	 28.7
14800 	 117.375 	 136.833 	 29.18
15000 	 109.304 	 136.39 	 29.66
15200 	 109.304 	 150.173 	 29.7
15400 	 109.304 	 180.182 	 30.16
15600 	 106.962 	 135.712 	 31.04
15800 	 106.962 	 133.908 	 30.96
16000 	 106.962 	 132.652 	 31.74
16200 	 106.962 	 132.585 	 32.22
16400 	 106.962 	 134.365 	 33.5
16600 	 106.962 	 146.587 	 33.9
16800 	 106.962 	 180.499 	 34.42
17000 	 106.962 	 132.122 	 34.56
17200 	 106.962 	 174.718 	 34.92
17400 	 106.962 	 132.502 	 35.88
17600 	 106.962 	 130.853 	 36.42
17800 	 106.962 	 129.938 	 37.5
18000 	 106.962 	 175.636 	 37.2
18200 	 106.962 	 135.114 	 38.3
18400 	 106.962 	 130.876 	 38.04
18600 	 106.962 	 127.236 	 39.9
18800 	 106.962 	 127.094 	 40.68
19000 	 106.962 	 126.236 	 41.9
19200 	 106.962 	 126.035 	 42.1
19400 	 106.962 	 124.875 	 42.76
19600 	 106.962 	 125.574 	 43
19800 	 106.962 	 125.02 	 42.96
20000 	 106.962 	 125.346 	 43.08
20200 	 106.962 	 125.312 	 43.7
20400 	 106.962 	 124.498 	 43.98
20600 	 106.962 	 123.484 	 45.14
20800 	 106.962 	 122.641 	 45.68
21000 	 106.962 	 122.461 	 45.98
21200 	 106.962 	 122.254 	 45.74
21400 	 106.962 	 121.6 	 45.12
21600 	 106.962 	 121.72 	 45.34
21800 	 106.962 	 121.074 	 44.28
22000 	 106.962 	 121.615 	 44.28
22200 	 106.962 	 121.124 	 43.96
22400 	 106.962 	 120.356 	 43.88
22600 	 106.266 	 120.208 	 44.36
22800 	 106.266 	 119.038 	 43.94
23000 	 106.266 	 119.865 	 44.56
23200 	 106.266 	 119.276 	 43.96
23400 	 106.266 	 163.873 	 44.14
23600 	 106.266 	 117.788 	 44.14
23800 	 106.266 	 119.035 	 44.28
24000 	 106.266 	 118.665 	 44.84
24200 	 106.266 	 118.723 	 44.36
24400 	 106.266 	 118.546 	 43.94
24600 	 106.266 	 161.221 	 43.22
24800 	 106.266 	 117.985 	 41.98
25000 	 106.266 	 116.537 	 41.44
25200 	 93.3369 	 118.261 	 40.74
25400 	 93.3369 	 116.424 	 41.38
25600 	 93.3369 	 116.226 	 40.98
25800 	 93.3369 	 117.017 	 40.86
26000 	 93.3369 	 116.312 	 40.46
26200 	 93.3369 	 116.66 	 40.32
26400 	 93.3369 	 116.498 	 39.78
26600 	 93.3369 	 119.893 	 39.86
26800 	 93.3369 	 130.754 	 39.58
27000 	 93.3369 	 116.324 	 40.2
27200 	 93.3369 	 113.95 	 40.36
27400 	 93.3369 	 114.863 	 40.5
27600 	 93.3369 	 116.179 	 39.96
27800 	 93.3369 	 115.332 	 39.8
28000 	 93.3369 	 115.561 	 39.56
28200 	 93.3369 	 116.044 	 39.28
28400 	 93.3369 	 115.128 	 38.7
28600 	 93.3369 	 116.007 	 39.6
28800 	 93.3369 	 115.113 	 39.04
29000 	 93.3369 	 114.336 	 39.76
29200 	 93.3369 	 115.954 	 39.74
29400 	 93.3369 	 115.086 	 40.36
29600 	 93.3369 	 116.567 	 40.2
29800 	 93.3369 	 113.358 	 40.48
30000 	 93.3369 	 114.478 	 40.3
30200 	 93.3369 	 114.655 	 40.18
30400 	 93.3369 	 114.104 	 40.32
30600 	 93.3369 	 114.488 	 40.16
30800 	 93.3369 	 112.978 	 40.4
31000 	 93.3369 	 114.789 	 39.84
31200 	 93.3369 	 114.122 	 39.86
31400 	 93.3369 	 179.492 	 40.02
31600 	 93.3369 	 115.143 	 39.78
31800 	 93.3369 	 112.477 	 39.9
32000 	 93.3369 	 113.335 	 40.14
32200 	 93.3369 	 114.302 	 39.96
32400 	 84.3454 	 114.32 	 40.18
32600 	 84.3454 	 161.365 	 40.34
32800 	 84.3454 	 113.449 	 40.54
33000 	 84.3454 	 114.341 	 40.32
33200 	 84.3454 	 114.198 	 40.34
33400 	 84.3454 	 113.241 	 40.66
33600 	 84.3454 	 113.559 	 40.72
33800 	 84.3454 	 113.087 	 40.66
34000 	 84.3454 	 114.181 	 40.76
34200 	 84.3454 	 113.006 	 40.72
34400 	 84.3454 	 112.343 	 40.84
34600 	 84.3454 	 113.476 	 40.52
34800 	 84.3454 	 112.812 	 40.82
35000 	 84.3454 	 114.707 	 40.74
35200 	 84.3454 	 113.638 	 40.6
35400 	 84.3454 	 131.494 	 40.88
35600 	 84.3454 	 113.459 	 40.9
35800 	 84.3454 	 113.009 	 40.88
36000 	 84.3454 	 112.887 	 41.04
36200 	 84.3454 	 111.558 	 41.46
36400 	 84.3454 	 111.758 	 41.62
36600 	 84.3454 	 111.382 	 41.62
36800 	 84.3454 	 112.852 	 41.74
37000 	 84.3454 	 112.755 	 41.46
37200 	 84.3454 	 112.375 	 41.1
37400 	 84.3454 	 110.886 	 40.7
37600 	 84.3454 	 111.396 	 40.7
37800 	 84.3454 	 171.218 	 40.86
38000 	 84.3454 	 154.287 	 40.86
38200 	 84.3454 	 114.109 	 40.78
38400 	 84.3454 	 111.344 	 40.62
38600 	 84.3454 	 110.086 	 40.52
38800 	 84.3454 	 110.561 	 40.62
39000 	 84.3454 	 110.948 	 40.48
39200 	 84.3454 	 110.406 	 40.34
39400 	 84.3454 	 110.111 	 40.46
39600 	 84.3454 	 112.301 	 40.56
39800 	 84.3454 	 111.514 	 40.6
40000 	 84.3454 	 110.712 	 40.32
40200 	 84.3454 	 109.016 	 39.82
40400 	 84.3454 	 111.692 	 39.74
40600 	 84.3454 	 111.161 	 39.78
40800 	 84.3454 	 109.961 	 39.68
41000 	 84.3454 	 111.319 	 39.42
41200 	 84.3454 	 111.207 	 39.4
41400 	 84.3454 	 124.514 	 39.42
41600 	 84.3454 	 110.099 	 39.46
41800 	 84.3454 	 109.601 	 39.28
42000 	 84.3454 	 109.672 	 39.16
42200 	 84.3454 	 109.987 	 39.14
42400 	 84.3454 	 110.448 	 39.28
42600 	 84.3454 	 152.699 	 39.28
42800 	 84.3454 	 109.694 	 39.36
43000 	 84.3454 	 112.817 	 39.6
43200 	 84.3454 	 109.067 	 39.3
43400 	 84.3454 	 110.836 	 38.68
43600 	 84.3454 	 107.589 	 38.16
43800 	 84.3454 	 108.793 	 38.3
44000 	 84.3454 	 108.07 	 38.06
44200 	 84.3454 	 108.891 	 37.52
44400 	 84.3454 	 107.629 	 37.24
44600 	 84.3454 	 112.767 	 36.98
44800 	 84.3454 	 108.207 	 37
45000 	 84.3454 	 106.55 	 36.8
45200 	 84.3454 	 109.447 	 36.82
45400 	 84.3454 	 106.729 	 36.86
45600 	 84.3454 	 110.344 	 37
45800 	 84.3454 	 108.014 	 36.5
46000 	 84.3454 	 106.985 	 36.76
46200 	 84.3454 	 105.604 	 36.64
46400 	 84.3454 	 106.122 	 36.64
46600 	 84.3454 	 105.568 	 36.52
46800 	 84.3454 	 106.196 	 36.38
47000 	 84.3454 	 112.624 	 36.74
47200 	 84.3454 	 105.372 	 36.7
47400 	 84.3454 	 105.46 	 36.56
47600 	 84.3454 	 105.088 	 36.54
47800 	 84.3454 	 107.74 	 36.56
48000 	 84.3454 	 106.962 	 36.68
48200 	 84.3454 	 109.91 	 36.52
48400 	 84.3454 	 104.165 	 36.48
48600 	 84.3454 	 104.922 	 36.36
48800 	 84.3454 	 104.098 	 36.34
49000 	 84.3454 	 103.644 	 36.82
49200 	 84.3454 	 104.134 	 36.5
49400 	 84.3454 	 104.081 	 36.38
49600 	 84.3454 	 108.555 	 36.6
49800 	 84.3454 	 103.434 	 36.42
50000 	 84.3454 	 102.558 	 36.4
50200 	 84.3454 	 103.095 	 36.2
50400 	 84.3454 	 103.15 	 36.52
50600 	 84.3454 	 103.156 	 36.34
50800 	 84.3454 	 111.13 	 36.44
51000 	 84.3454 	 102.486 	 36.72
51200 	 84.3454 	 102.541 	 37.28
51400 	 84.3454 	 103.328 	 37.24
51600 	 84.3454 	 101.768 	 37.78
51800 	 84.3454 	 102.131 	 37.38
52000 	 84.3454 	 101.42 	 37.7
52200 	 84.3454 	 101.779 	 38.34
52400 	 84.3454 	 102.204 	 38.32
52600 	 84.3454 	 101.628 	 38.06
52800 	 84.3454 	 101.377 	 38.3
53000 	 84.3454 	 106.392 	 38.14
53200 	 84.3454 	 101.049 	 38.08
53400 	 84.3454 	 99.2611 	 38.06
53600 	 84.3454 	 103.317 	 37.92
53800 	 84.3454 	 106.236 	 38.04
54000 	 84.3454 	 99.7557 	 38.06
54200 	 84.3454 	 101.491 	 38.06
54400 	 84.3454 	 103.796 	 38.34
54600 	 84.3454 	 99.5629 	 38.64
54800 	 84.3454 	 105.05 	 38.78
55000 	 84.3454 	 99.4577 	 38.84
55200 	 84.3454 	 99.4731 	 38.68
55400 	 84.3454 	 99.6822 	 39.1
55600 	 84.3454 	 99.4307 	 39.3
55800 	 84.3454 	 101.524 	 39.18
56000 	 84.3454 	 100.239 	 39.12
56200 	 84.3454 	 98.9784 	 39.5
56400 	 84.3454 	 99.0255 	 39.5
56600 	 84.3454 	 118.345 	 39.96
56800 	 84.3454 	 99.2132 	 40.06
57000 	 84.3454 	 99.7379 	 40.24
57200 	 84.3454 	 101.582 	 40.2
57400 	 84.3454 	 100.749 	 40.48
57600 	 84.3454 	 140.927 	 40.32
57800 	 84.3454 	 97.913 	 40.5
58000 	 84.3454 	 98.3973 	 40.84
58200 	 84.3454 	 97.5085 	 40.98
58400 	 84.3454 	 98.2438 	 40.84
58600 	 84.3454 	 99.0571 	 41
58800 	 84.3454 	 98.4032 	 40.48
59000 	 84.3454 	 98.492 	 40.78
59200 	 84.3454 	 98.413 	 40.78
59400 	 84.3454 	 98.7804 	 41.04
59600 	 84.3454 	 97.9749 	 40.52
59800 	 84.3454 	 97.2443 	 40.66
60000 	 84.3454 	 100.987 	 40.46
60200 	 84.3454 	 98.4514 	 40.64
60400 	 84.3454 	 98.9348 	 40.52
60600 	 84.3454 	 103.353 	 39.92
60800 	 84.3454 	 100.959 	 39.94
61000 	 84.3454 	 121.278 	 39.92
61200 	 84.3454 	 98.5779 	 40.3
61400 	 84.3454 	 99.4004 	 40.16
61600 	 84.3454 	 98.0241 	 40.3
61800 	 84.3454 	 99.7061 	 40.22
62000 	 84.3454 	 98.1457 	 40.04
62200 	 84.3454 	 97.0119 	 40.04
62400 	 84.3454 	 98.6654 	 40.2
62600 	 84.3454 	 97.4642 	 39.8
62800 	 84.3454 	 98.3225 	 39.7
63000 	 84.3454 	 97.253 	 39.68
63200 	 84.3454 	 98.5018 	 40.1
63400 	 84.3454 	 96.6339 	 39.96
63600 	 84.3454 	 99.8443 	 40.26
63800 	 84.3454 	 97.0206 	 40.26
64000 	 84.3454 	 107.315 	 40.26
64200 	 84.3454 	 98.2223 	 40
64400 	 84.3454 	 120.374 	 39.98
64600 	 84.3454 	 96.7898 	 40.08
64800 	 84.3454 	 102.086 	 39.7
65000 	 84.3454 	 96.5304 	 40.12
65200 	 84.3454 	 96.7042 	 39.46
65400 	 84.3454 	 96.1415 	 39.62
65600 	 84.3454 	 97.57 	 39.54
65800 	 84.3454 	 97.2129 	 39.36
66000 	 84.3454 	 97.5957 	 39.52
66200 	 84.3454 	 107.167 	 39.54
66400 	 84.3454 	 95.5251 	 39.12
66600 	 84.3454 	 101.443 	 39.08
66800 	 84.3454 	 96.9308 	 39.22
67000 	 84.3454 	 96.6162 	 39.36
67200 	 84.3454 	 96.528 	 39.48
67400 	 84.3454 	 96.9998 	 39.32
67600 	 84.3454 	 95.8178 	 39.06
67800 	 84.3454 	 100.601 	 39.04
68000 	 84.3454 	 150.478 	 39.16
68200 	 84.3454 	 97.3058 	 39.16
68400 	 84.3454 	 101.511 	 38.74
68600 	 84.3454 	 97.2217 	 38.74
68800 	 84.3454 	 95.4822 	 38.88
69000 	 84.3454 	 95.9777 	 38.84
69200 	 84.3454 	 96.9566 	 39
69400 	 84.3454 	 115.142 	 39.28
69600 	 84.3454 	 96.5238 	 39.12
69800 	 84.3454 	 119.236 	 39
70000 	 84.3454 	 100.434 	 38.7
70200 	 84.3454 	 96.1635 	 38.64
70400 	 84.3454 	 96.6111 	 38.46
70600 	 84.3454 	 95.7413 	 38.44
70800 	 84.3454 	 95.4406 	 38.6
71000 	 84.3454 	 96.5807 	 38.46
71200 	 84.3454 	 96.3764 	 38.46
71400 	 84.3454 	 96.4242 	 38.58
71600 	 84.3454 	 97.7918 	 38.58
71800 	 84.3454 	 95.4981 	 38.3
72000 	 84.3454 	 94.4554 	 38.42
72200 	 84.3454 	 97.0096 	 38.54
72400 	 84.3454 	 95.6276 	 38.42
72600 	 84.3454 	 97.3094 	 38.16
72800 	 84.3454 	 104.782 	 38.3
73000 	 84.3454 	 95.974 	 38.14
73200 	 84.3454 	 96.981 	 38.16
73400 	 84.3454 	 95.6055 	 38.16
73600 	 84.3454 	 95.277 	 38.18
73800 	 84.3454 	 105.852 	 38.28
74000 	 84.3454 	 95.9362 	 38.3
74200 	 84.3454 	 98.0679 	 38.44
74400 	 84.3454 	 103.649 	 38.44
74600 	 84.3454 	 94.9972 	 38.14
74800 	 84.3454 	 96.7207 	 38.32
75000 	 84.3454 	 96.7017 	 38.3
75200 	 84.3454 	 95.486 	 38.28
75400 	 84.3454 	 94.6172 	 38.04
75600 	 84.3454 	 97.395 	 38.16
75800 	 84.3454 	 96.6962 	 38.16
76000 	 84.3454 	 94.7008 	 37.98
76200 	 84.3454 	 96.2962 	 37.98
76400 	 84.3454 	 96.5095 	 37.98
76600 	 84.3454 	 95.9803 	 38.02
76800 	 84.3454 	 103.595 	 37.86
77000 	 84.3454 	 95.6495 	 37.86
77200 	 84.3454 	 94.7635 	 38.04
77400 	 84.3454 	 95.4682 	 38.14
77600 	 84.3454 	 97.2854 	 38.3
77800 	 84.3454 	 111.196 	 38.28
78000 	 84.3454 	 98.2593 	 38.42
78200 	 84.3454 	 95.8499 	 38.28
78400 	 84.3454 	 95.5734 	 38.28
78600 	 84.3454 	 96.3478 	 38.42
78800 	 84.3454 	 152.761 	 38.18
79000 	 84.3454 	 95.2765 	 38
79200 	 84.3454 	 94.5308 	 38.04
79400 	 84.3454 	 99.6727 	 37.88
79600 	 84.3454 	 95.9263 	 38.38
79800 	 84.3454 	 95.6167 	 38.24
80000 	 84.3454 	 102.051 	 38.54
80200 	 84.3454 	 95.0115 	 38.7
80400 	 84.3454 	 95.0218 	 38.86
80600 	 84.3454 	 96.2738 	 39
80800 	 84.3454 	 95.805 	 38.86
81000 	 84.3454 	 97.9192 	 38.74
81200 	 84.3454 	 96.473 	 39.02
81400 	 84.3454 	 97.7461 	 38.88
81600 	 84.3454 	 96.631 	 39.16
81800 	 84.3454 	 97.8955 	 39.02
82000 	 84.3454 	 94.482 	 39.3
82200 	 84.3454 	 94.4552 	 39.18
82400 	 84.3454 	 94.7163 	 38.9
82600 	 84.3454 	 98.0307 	 38.92
82800 	 84.3454 	 99.1993 	 39.04
83000 	 84.3454 	 94.9901 	 39.04
83200 	 84.3454 	 95.7496 	 38.92
83400 	 84.3454 	 96.0051 	 38.78
83600 	 84.3454 	 94.3135 	 38.76
83800 	 84.3454 	 94.2574 	 38.34
84000 	 84.3454 	 95.8595 	 38.22
84200 	 84.3454 	 94.8726 	 38.12
84400 	 84.3454 	 95.7648 	 38.24
84600 	 84.3454 	 93.9956 	 38
84800 	 84.3454 	 96.7735 	 38.14
85000 	 84.3454 	 96.1606 	 38.02
85200 	 84.3454 	 98.5422 	 38.04
85400 	 84.3454 	 95.0563 	 37.88
85600 	 84.3454 	 95.2503 	 37.88
85800 	 84.3454 	 95.6496 	 38.04
86000 	 84.3454 	 96.3794 	 37.92
86200 	 84.3454 	 95.5346 	 37.92
86400 	 84.3454 	 96.098 	 38.1
86600 	 84.3454 	 95.4545 	 38.24
86800 	 84.3454 	 95.8089 	 38.12
87000 	 84.3454 	 92.4175 	 38.34
87200 	 84.3454 	 97.0622 	 38.08
87400 	 84.3454 	 94.4231 	 38.06
87600 	 84.3454 	 95.6028 	 38.36
87800 	 84.3454 	 95.8417 	 38.18
88000 	 84.3454 	 94.987 	 38.04
88200 	 84.3454 	 137.481 	 38.18
88400 	 84.3454 	 95.2105 	 38
88600 	 84.3454 	 93.8852 	 38.14
88800 	 84.3454 	 97.4198 	 38.26
89000 	 84.3454 	 94.4028 	 38.26
89200 	 84.3454 	 94.6545 	 38.24
89400 	 84.3454 	 94.799 	 37.98
89600 	 84.3454 	 93.6168 	 38.24
89800 	 84.3454 	 95.1917 	 38.26
90000 	 84.3454 	 98.4564 	 38
90200 	 84.3454 	 110.553 	 38.02
90400 	 84.3454 	 94.3348 	 38.02
90600 	 84.3454 	 94.5941 	 38.1
90800 	 84.3454 	 93.5004 	 38.12
91000 	 84.3454 	 94.8954 	 38.24
91200 	 84.3454 	 102.293 	 38.08
91400 	 84.3454 	 95.6041 	 38
91600 	 84.3454 	 95.9236 	 37.94
91800 	 84.3454 	 95.2262 	 38.32
92000 	 84.3454 	 94.2402 	 38.24
92200 	 84.3454 	 95.4549 	 38.36
92400 	 84.3454 	 94.814 	 38.22
92600 	 84.3454 	 94.744 	 38.22
92800 	 84.3454 	 96.3644 	 38.4
93000 	 84.3454 	 93.7122 	 38.28
93200 	 84.3454 	 96.8746 	 38.24
93400 	 84.3454 	 92.7836 	 38.22
93600 	 84.3454 	 94.4961 	 38.08
93800 	 84.3454 	 93.9498 	 37.96
94000 	 84.3454 	 94.1591 	 37.96
94200 	 84.3454 	 97.1735 	 38.08
94400 	 84.3454 	 115.801 	 38.08
94600 	 84.3454 	 98.9232 	 37.82
94800 	 84.3454 	 94.6158 	 37.92
95000 	 84.3454 	 95.1401 	 37.96
95200 	 84.3454 	 94.25 	 37.94
95400 	 84.3454 	 94.6906 	 37.9
95600 	 84.3454 	 92.7919 	 37.92
95800 	 84.3454 	 94.342 	 37.92
96000 	 84.3454 	 94.9902 	 37.92
96200 	 84.3454 	 96.4187 	 37.8
96400 	 84.3454 	 93.8046 	 37.66
96600 	 84.3454 	 95.5378 	 37.64
96800 	 84.3454 	 93.1242 	 37.52
97000 	 84.3454 	 94.6824 	 37.48
97200 	 84.3454 	 95.0142 	 37.64
97400 	 84.3454 	 94.291 	 37.68
97600 	 84.3454 	 94.4323 	 37.64
97800 	 84.3454 	 95.1895 	 37.78
98000 	 84.3454 	 94.4472 	 37.66
98200 	 84.3454 	 93.8579 	 37.64
98400 	 84.3454 	 93.2025 	 37.64
98600 	 84.3454 	 96.3481 	 37.78
98800 	 84.3454 	 99.1567 	 37.5
99000 	 84.3454 	 94.4452 	 37.5
99200 	 84.3454 	 93.3614 	 37.5
99400 	 84.3454 	 99.4275 	 37.92
99600 	 84.3454 	 98.5691 	 37.82
99800 	 84.3454 	 94.5683 	 37.64
100000 	 84.3454 	 94.1944 	 37.66
jenny@jenny-G50VT ~/docu/572/b $ 

