+0  
	+0  
		/3  
			5.14  
			-2.678  
		F5  
			13.618  
			X6  
			14.204  
			13.228  
	/3  
		/3  
			8.764  
			-2.074  
		F5  
			13.404  
			X6  
			11.414  
			X6  
popu[0] dep: 3
popu[1] dep: 2
popu[2] dep: 2
popu[3] dep: 2
popu[4] dep: 3
popu[5] dep: 2
popu[6] dep: 1
popu[7] dep: 1
popu[8] dep: 3
popu[9] dep: 1
popu[10] dep: 1
popu[11] dep: 1
popu[12] dep: 3
popu[13] dep: 1
popu[14] dep: 1
popu[15] dep: 1
popu[16] dep: 3
popu[17] dep: 2
popu[18] dep: 2
popu[19] dep: 3
popu[20] dep: 2
popu[21] dep: 3
popu[22] dep: 2
popu[23] dep: 3
popu[24] dep: 2
popu[25] dep: 3
popu[26] dep: 1
popu[27] dep: 1
popu[28] dep: 2
popu[29] dep: 3
popu[30] dep: 2
popu[31] dep: 3
popu[32] dep: 1
popu[33] dep: 2
popu[34] dep: 2
popu[35] dep: 2
popu[36] dep: 3
popu[37] dep: 3
popu[38] dep: 2
popu[39] dep: 1
popu[40] dep: 3
popu[41] dep: 3
popu[42] dep: 1
popu[43] dep: 1
popu[44] dep: 3
popu[45] dep: 1
popu[46] dep: 3
popu[47] dep: 3
popu[48] dep: 2
popu[49] dep: 1
popu[50] dep: 1
popu[51] dep: 2
popu[52] dep: 3
popu[53] dep: 3
popu[54] dep: 3
popu[55] dep: 1
popu[56] dep: 2
popu[57] dep: 2
popu[58] dep: 3
popu[59] dep: 2
popu[60] dep: 3
popu[61] dep: 3
popu[62] dep: 3
popu[63] dep: 3
popu[64] dep: 2
popu[65] dep: 1
popu[66] dep: 2
popu[67] dep: 3
popu[68] dep: 3
popu[69] dep: 1
popu[70] dep: 1
popu[71] dep: 3
popu[72] dep: 1
popu[73] dep: 2
popu[74] dep: 3
popu[75] dep: 3
popu[76] dep: 3
popu[77] dep: 3
popu[78] dep: 1
popu[79] dep: 2
popu[80] dep: 3
popu[81] dep: 1
popu[82] dep: 1
popu[83] dep: 3
popu[84] dep: 3
popu[85] dep: 2
popu[86] dep: 3
popu[87] dep: 2
popu[88] dep: 2
popu[89] dep: 1
popu[90] dep: 1
popu[91] dep: 1
popu[92] dep: 1
popu[93] dep: 3
popu[94] dep: 3
popu[95] dep: 3
popu[96] dep: 3
popu[97] dep: 3
popu[98] dep: 3
popu[99] dep: 2
Population Information: 
min:198.372
avg:5.36773e+06
avgSize:9.9
1000 	 142.03 	 194.747 	 15.76
2000 	 126.142 	 159.014 	 33.68
3000 	 116.909 	 144.109 	 41.92
4000 	 116.909 	 140.161 	 42.56
5000 	 116.909 	 144.848 	 43.82
6000 	 115.454 	 135.7 	 43.72
7000 	 106.886 	 135.503 	 44.2
8000 	 106.886 	 128.496 	 45.02
9000 	 106.886 	 125.978 	 44.82
10000 	 106.886 	 178.768 	 44.9
11000 	 106.886 	 121.322 	 44.72
12000 	 106.886 	 123.65 	 43.88
13000 	 106.886 	 120.16 	 44.22
14000 	 106.886 	 182.126 	 45.68
15000 	 106.606 	 118.385 	 47.32
16000 	 106.606 	 117.762 	 47
17000 	 106.606 	 120.378 	 48.32
18000 	 106.606 	 117.989 	 50.34
19000 	 106.606 	 115.961 	 49.74
20000 	 106.606 	 116.758 	 49.22
21000 	 106.606 	 117.234 	 48.64
22000 	 105.935 	 114.547 	 48.24
23000 	 105.935 	 203.134 	 48.2
24000 	 105.935 	 117.166 	 46.48
25000 	 105.935 	 159.65 	 47.58
26000 	 105.935 	 114.971 	 47.02
27000 	 105.935 	 114.4 	 47.24
28000 	 105.935 	 114.339 	 46.46
29000 	 105.935 	 114.129 	 47.4
30000 	 105.935 	 113.136 	 46.28
31000 	 105.935 	 114.536 	 45.46
32000 	 105.935 	 123.243 	 45.44
33000 	 105.935 	 113.399 	 46.42
34000 	 105.935 	 112.078 	 48.22
35000 	 104.549 	 111.113 	 47.62
36000 	 104.549 	 111.767 	 47.4
37000 	 104.549 	 119.73 	 45.9
38000 	 104.549 	 121.549 	 47.18
39000 	 104.549 	 111.715 	 47.9
40000 	 104.549 	 155.194 	 49.46
41000 	 104.549 	 111.599 	 50.34
42000 	 104.482 	 110.208 	 52.7
43000 	 104.482 	 110.615 	 51.78
44000 	 104.268 	 108.89 	 55.6
45000 	 103.13 	 110.119 	 59.08
46000 	 103.13 	 109.874 	 59.58
47000 	 103.13 	 166.218 	 62.2
48000 	 103.13 	 111.98 	 64.5
49000 	 102.978 	 108.929 	 68.66
50000 	 102.978 	 109.193 	 72.82
51000 	 102.978 	 108.318 	 73.76
52000 	 102.978 	 108.916 	 76.52
53000 	 102.978 	 108.771 	 77.44
54000 	 102.809 	 108.182 	 80.12
55000 	 102.809 	 108.757 	 84
56000 	 102.809 	 107.272 	 85.4
57000 	 102.809 	 108.003 	 90.38
58000 	 102.809 	 106.89 	 94.44
59000 	 102.809 	 106.84 	 94.18
60000 	 102.809 	 170.163 	 94.18
61000 	 102.809 	 107.304 	 95.58
62000 	 102.809 	 108.257 	 96.96
63000 	 102.782 	 106.986 	 100.58
64000 	 102.782 	 107.356 	 103.08
65000 	 102.045 	 106.253 	 106.6
66000 	 102.045 	 108.718 	 110.26
67000 	 102.045 	 106.085 	 112.12
68000 	 102.045 	 151.581 	 116.3
69000 	 102.045 	 109.935 	 121.48
70000 	 102.045 	 108.034 	 120.94
71000 	 102.045 	 151.767 	 120.12
72000 	 102.045 	 108.126 	 119.6
73000 	 102.045 	 107.779 	 123.14
74000 	 102.045 	 106.086 	 127.7
75000 	 102.045 	 106.111 	 127.36
76000 	 102.045 	 106.69 	 129.62
77000 	 102.045 	 106.305 	 132
78000 	 102.045 	 105.87 	 140.52
79000 	 102.045 	 107.168 	 132.9
80000 	 102.034 	 105.898 	 130.8
81000 	 102.034 	 107.272 	 139.52
82000 	 102.006 	 105.673 	 141.64
83000 	 102.006 	 105.344 	 144.1
84000 	 102.006 	 151.849 	 150.72
85000 	 102.006 	 106.795 	 150.88
86000 	 102.006 	 105.676 	 156.36
87000 	 102.006 	 105.796 	 162.76
88000 	 102.006 	 107.224 	 165.14
89000 	 102.006 	 106.154 	 168.8
90000 	 102.006 	 105.41 	 168.68
91000 	 102.006 	 118.69 	 171.9
92000 	 102.006 	 105.365 	 172.12
93000 	 102.006 	 121.674 	 173.9
94000 	 102.006 	 110.871 	 178.48
95000 	 102.006 	 104.32 	 181.78
96000 	 102.006 	 105.697 	 181.74
97000 	 102.006 	 108.472 	 187.36
98000 	 102.006 	 105.963 	 184.4
99000 	 102.006 	 105.573 	 188.26
100000 	 102.006 	 106.815 	 187.9
101000 	 102.006 	 106.19 	 184.56
102000 	 102.005 	 106.312 	 188.42
103000 	 102.005 	 105.781 	 189.2
104000 	 102.005 	 106.014 	 187.82
105000 	 102.005 	 105.485 	 192.58
106000 	 102.005 	 105.775 	 200.72
107000 	 101.988 	 105.359 	 203.42
108000 	 101.988 	 116.934 	 204.04
109000 	 101.988 	 127.918 	 204.94
110000 	 101.988 	 105.527 	 204.96
111000 	 101.988 	 105.189 	 209.74
112000 	 101.988 	 120.394 	 204.4
113000 	 101.988 	 105.042 	 206.44
114000 	 101.988 	 104.181 	 207.26
115000 	 101.988 	 105.075 	 209.1
116000 	 101.988 	 135.332 	 208.52
117000 	 101.988 	 119.337 	 216.88
118000 	 101.988 	 104.652 	 217.16
119000 	 101.975 	 105.59 	 208.08
120000 	 101.975 	 105.254 	 207.8
121000 	 101.975 	 147.6 	 213.96
122000 	 101.975 	 105.776 	 223.84
123000 	 101.975 	 105.177 	 229.06
124000 	 101.975 	 104.668 	 230.04
125000 	 101.975 	 104.57 	 230.22
126000 	 101.975 	 106.962 	 235.2
127000 	 101.973 	 104.962 	 239.38
128000 	 101.973 	 104.859 	 243.58
129000 	 101.973 	 105.905 	 244.7
130000 	 101.973 	 154.637 	 247.02
131000 	 101.973 	 105.997 	 248.92
132000 	 101.973 	 105.548 	 248.82
133000 	 101.973 	 105.687 	 251.74
134000 	 101.973 	 103.951 	 264.68
135000 	 101.973 	 104.522 	 268.24
136000 	 101.973 	 105.369 	 266.96
137000 	 101.973 	 105.428 	 266.8
138000 	 101.973 	 104.879 	 268.68
139000 	 101.973 	 191.524 	 269.56
140000 	 101.973 	 105.377 	 270.44
141000 	 101.973 	 105.061 	 270.46
142000 	 101.973 	 103.951 	 281.46
143000 	 101.973 	 103.768 	 290.78
144000 	 101.973 	 121.915 	 303.06
145000 	 101.973 	 106.589 	 301.9
146000 	 101.973 	 104.964 	 305.2
147000 	 101.973 	 105.595 	 309.88
148000 	 101.973 	 105.549 	 312.66
149000 	 101.973 	 105.165 	 307.82
150000 	 101.973 	 103.952 	 313.98
151000 	 101.973 	 154.562 	 320.18
152000 	 101.973 	 105.407 	 334.66
153000 	 101.973 	 105.414 	 333.4
154000 	 101.973 	 103.748 	 336.16
155000 	 101.973 	 117.446 	 336.02
156000 	 101.973 	 106.443 	 343
157000 	 101.973 	 104.97 	 340.04
158000 	 101.973 	 105.297 	 347.82
159000 	 101.973 	 104.901 	 350.5
160000 	 101.973 	 104.875 	 350.14
161000 	 101.973 	 105.217 	 367.28
162000 	 101.973 	 105.298 	 368.18
163000 	 101.973 	 106.222 	 366.3
164000 	 101.973 	 105.058 	 368.12
165000 	 101.973 	 105.379 	 368.86
166000 	 101.973 	 105.076 	 363.98
167000 	 101.973 	 104.984 	 363.68
168000 	 101.973 	 107.148 	 360.38
169000 	 101.973 	 107.184 	 368.64
170000 	 101.973 	 104.46 	 368.22
171000 	 101.973 	 104.32 	 373.8
172000 	 101.973 	 104.234 	 382.26
173000 	 101.973 	 104.506 	 397.52
174000 	 101.973 	 105.062 	 398.94
175000 	 101.973 	 104.245 	 394.5
176000 	 101.973 	 105.096 	 399.38
177000 	 101.973 	 105.665 	 395.92
178000 	 101.973 	 105.028 	 391.68
179000 	 101.973 	 149.06 	 393.56
180000 	 101.973 	 104.986 	 392.3
181000 	 101.973 	 106.262 	 398.22
182000 	 101.973 	 105.194 	 394.18
183000 	 101.973 	 105.507 	 389.7
184000 	 101.973 	 104.994 	 389.5
185000 	 101.973 	 105.303 	 387.64
186000 	 101.973 	 106.322 	 389.18
187000 	 101.973 	 105.527 	 386.48
188000 	 101.973 	 105.039 	 382.44
189000 	 101.973 	 105.411 	 382.4
190000 	 101.973 	 104.463 	 381.52
191000 	 101.973 	 104.984 	 370.26
192000 	 101.973 	 105.042 	 372.08
193000 	 101.973 	 117.497 	 372.18
194000 	 101.973 	 104.919 	 373.94
195000 	 101.973 	 105.248 	 371.24
