49000 	 102.604 	 108.605 	 187.38
49100 	 102.604 	 107.468 	 186.06
49200 	 102.604 	 106.815 	 186.34
49300 	 102.604 	 117.315 	 187.64
49400 	 102.604 	 107.047 	 185.9
49500 	 102.604 	 106.135 	 185.88
49600 	 102.604 	 106.894 	 187.18
49700 	 102.604 	 150.095 	 185.52
49800 	 102.604 	 104.24 	 188.8
49900 	 102.604 	 108.542 	 190.54
50000 	 102.604 	 126.718 	 191.06
50100 	 102.604 	 106.979 	 189.74
50200 	 102.604 	 106.842 	 188.16
50300 	 102.564 	 107.52 	 190.5
50400 	 102.564 	 107.096 	 191.88
50500 	 102.564 	 106.936 	 191.16
50600 	 102.564 	 111.909 	 192
50700 	 102.564 	 107.45 	 192.24
50800 	 102.564 	 106.737 	 191.74
50900 	 102.564 	 106.363 	 192.02
51000 	 102.564 	 108.585 	 191.98
51100 	 102.564 	 116.696 	 194.24
51200 	 102.564 	 106.759 	 193.02
51300 	 102.564 	 104.234 	 193.14
51400 	 102.564 	 145.491 	 192.78
51500 	 102.564 	 108.661 	 191
51600 	 102.564 	 107.117 	 193.18
51700 	 102.564 	 106.052 	 192.42
51800 	 102.564 	 106.177 	 191.78
51900 	 102.564 	 107.408 	 191.82
52000 	 102.564 	 108.64 	 192.16
52100 	 102.564 	 106.597 	 190.28
52200 	 102.564 	 106.588 	 192.1
52300 	 102.564 	 105.957 	 189.9
52400 	 102.564 	 119.283 	 192.58
52500 	 102.564 	 106.547 	 194
52600 	 102.564 	 108.447 	 193.66
52700 	 102.564 	 105.359 	 196.24
52800 	 102.564 	 106.453 	 195.72
52900 	 102.564 	 106.524 	 193.98
53000 	 102.564 	 149.643 	 196.76
53100 	 102.564 	 106.897 	 196.42
53200 	 102.564 	 107.238 	 197.62
53300 	 102.564 	 132.859 	 195.3
53400 	 102.564 	 106.961 	 196.12
53500 	 102.564 	 106.21 	 196.26
53600 	 102.564 	 131.285 	 195.74
53700 	 102.564 	 106.606 	 195.24
53800 	 102.564 	 106.326 	 195.62
53900 	 102.564 	 106.937 	 195.54
54000 	 102.564 	 106.348 	 196.56
54100 	 102.564 	 105.229 	 198.44
54200 	 102.564 	 105.526 	 197.86
54300 	 102.564 	 150.744 	 200.76
54400 	 102.564 	 106.426 	 200.76
54500 	 102.564 	 110.226 	 202.88
54600 	 102.564 	 107.199 	 200.74
54700 	 102.564 	 107.743 	 200.84
54800 	 102.564 	 106.511 	 200.88
54900 	 102.564 	 106.256 	 200.62
55000 	 102.564 	 106.525 	 200.36
55100 	 102.564 	 111.393 	 203.32
55200 	 102.564 	 107.64 	 200.5
55300 	 102.564 	 106.128 	 203.68
55400 	 102.564 	 115.595 	 203.44
55500 	 102.564 	 113.229 	 206.26
55600 	 102.564 	 107.254 	 205.2
55700 	 102.564 	 106.911 	 205.6
55800 	 102.564 	 110.111 	 204.24
55900 	 102.564 	 106.304 	 204.06
56000 	 102.564 	 106.119 	 204.76
56100 	 102.564 	 105.818 	 206.84
56200 	 102.564 	 108.342 	 205.34
56300 	 102.564 	 106.288 	 206.64
56400 	 102.564 	 106.3 	 206.02
56500 	 102.564 	 153.059 	 204.76
56600 	 102.564 	 106.802 	 205.66
56700 	 102.564 	 152.055 	 205.92
56800 	 102.564 	 104.986 	 206.04
56900 	 102.564 	 154.542 	 206.26
57000 	 102.564 	 105.864 	 205.22
57100 	 102.564 	 106.249 	 206.4
57200 	 102.564 	 106.443 	 205.56
57300 	 102.564 	 121.564 	 206.12
57400 	 102.564 	 106.475 	 207.04
57500 	 102.564 	 105.896 	 206.4
57600 	 102.564 	 106.674 	 207.58
57700 	 102.564 	 108.046 	 207.06
57800 	 102.564 	 106.594 	 207.56
57900 	 102.564 	 108.961 	 207.08
58000 	 102.564 	 106.577 	 205.66
58100 	 102.564 	 105.626 	 207.2
58200 	 102.564 	 106.008 	 207.58
58300 	 102.564 	 107.436 	 206.44
58400 	 102.564 	 105.682 	 206.54
58500 	 102.564 	 105.464 	 207.44
58600 	 102.564 	 106.319 	 206.8
58700 	 102.564 	 106.106 	 209.36
58800 	 102.564 	 106.638 	 207.08
58900 	 102.564 	 107.56 	 206.94
59000 	 102.564 	 106.106 	 204.36
59100 	 102.564 	 105.335 	 206.84
59200 	 102.564 	 106.214 	 205.48
59300 	 102.564 	 106.205 	 207.38
59400 	 102.564 	 155.95 	 209.54
59500 	 102.564 	 106.115 	 206.36
59600 	 102.564 	 141.103 	 207.1
59700 	 102.564 	 105.892 	 207.42
59800 	 102.564 	 112.331 	 206.74
59900 	 102.564 	 106.214 	 207.1
60000 	 102.564 	 106.876 	 207.5
60100 	 102.564 	 106.91 	 207.9
60200 	 102.564 	 106.409 	 205.74
60300 	 102.564 	 107.69 	 206.1
60400 	 102.564 	 108.137 	 207.04
60500 	 102.564 	 105.328 	 207.04
60600 	 102.564 	 107.685 	 206.9
60700 	 102.564 	 152.04 	 207.86
60800 	 102.564 	 107.385 	 207.06
60900 	 102.564 	 105.885 	 206.26
61000 	 102.564 	 106.415 	 207.8
61100 	 102.564 	 105.175 	 206.82
61200 	 102.564 	 106.009 	 207.22
61300 	 102.564 	 107.373 	 206.4
61400 	 102.564 	 106.822 	 207.9
61500 	 102.564 	 119.88 	 207.46
61600 	 102.564 	 106.465 	 207.84
61700 	 102.564 	 106.442 	 207.82
61800 	 102.564 	 106.325 	 209.44
61900 	 102.564 	 109.291 	 209.3
62000 	 102.564 	 106.077 	 209.86
62100 	 102.564 	 149.077 	 209.4
62200 	 102.564 	 106.633 	 209.78
62300 	 102.564 	 108.436 	 209.74
62400 	 102.564 	 107.282 	 210.04
62500 	 102.564 	 106.466 	 211.22
62600 	 102.564 	 106.631 	 210.6
62700 	 102.564 	 106.627 	 210.68
62800 	 102.564 	 105.927 	 210.7
62900 	 102.564 	 105.282 	 210.24
63000 	 102.564 	 116.66 	 210.32
63100 	 102.564 	 106.985 	 210.88
63200 	 102.564 	 112.967 	 210.72
63300 	 102.564 	 105.79 	 210.94
63400 	 102.564 	 106.635 	 208.74
63500 	 102.564 	 107.425 	 209.28
63600 	 102.564 	 106.611 	 209.64
63700 	 102.564 	 129.663 	 208.62
63800 	 102.564 	 151.59 	 207.88
63900 	 102.564 	 151.884 	 210.38
64000 	 102.564 	 106.02 	 211.8
64100 	 102.564 	 106.169 	 212.38
64200 	 102.564 	 107.043 	 212.26
64300 	 102.564 	 107.294 	 213.48
64400 	 102.564 	 113.708 	 214.56
64500 	 102.564 	 105.774 	 213.72
64600 	 102.564 	 106.139 	 213.68
64700 	 102.564 	 106.172 	 213.98
64800 	 102.564 	 108.152 	 213.58
64900 	 102.564 	 106.764 	 212.86
65000 	 102.564 	 106.192 	 212.96
65100 	 102.564 	 109.616 	 213.98
65200 	 102.564 	 106.383 	 214.46
65300 	 102.564 	 107.043 	 213.82
65400 	 102.564 	 149.619 	 215.54
65500 	 102.564 	 110.841 	 214.42
65600 	 102.564 	 106.386 	 215.86
65700 	 102.564 	 106.836 	 216.02
65800 	 102.564 	 112.586 	 216.5
65900 	 102.564 	 105.52 	 215.88
66000 	 102.564 	 106.714 	 217
66100 	 102.564 	 106.07 	 215.42
66200 	 102.564 	 105.569 	 215.34
66300 	 102.564 	 105.555 	 215.8
66400 	 102.564 	 106.781 	 215.96
66500 	 102.564 	 106.761 	 217.02
66600 	 102.564 	 104.903 	 217.54
66700 	 102.564 	 106.5 	 216.66
66800 	 102.564 	 106.165 	 216.8
66900 	 102.564 	 107.6 	 218.02
67000 	 102.564 	 106.233 	 218.82
67100 	 102.564 	 148.607 	 219.3
67200 	 102.564 	 106.707 	 218.52
67300 	 102.564 	 105.534 	 218.56
67400 	 102.564 	 106.546 	 218.7
67500 	 102.076 	 148.882 	 216.06
67600 	 102.076 	 113.678 	 217.66
67700 	 102.076 	 105.574 	 217.36
67800 	 102.076 	 106.914 	 217.06
67900 	 102.076 	 105.234 	 217.56
68000 	 102.076 	 106.293 	 216.76
68100 	 102.076 	 107.137 	 217.52
68200 	 102.076 	 104.911 	 217.42
68300 	 102.076 	 108.286 	 216.82
68400 	 102.076 	 106.769 	 217.26
68500 	 102.076 	 106.594 	 217.26
68600 	 102.076 	 105.167 	 217
68700 	 102.076 	 107.004 	 216.78
68800 	 102.076 	 106.247 	 216.24
68900 	 102.076 	 105.736 	 216.6
69000 	 102.076 	 104.554 	 216.88
69100 	 102.076 	 105.356 	 216.78
69200 	 102.076 	 106.034 	 217.28
69300 	 102.076 	 107.388 	 217.08
69400 	 102.076 	 106.416 	 216.86
69500 	 102.076 	 105.679 	 218.16
69600 	 102.076 	 151.068 	 217.08
69700 	 102.076 	 106.181 	 217.66
69800 	 102.076 	 109.014 	 217.6
69900 	 102.076 	 105.578 	 217.42
70000 	 102.076 	 104.215 	 217.28
70100 	 102.076 	 105.482 	 216.96
70200 	 102.076 	 105.634 	 217.78
70300 	 102.076 	 105.792 	 217.44
70400 	 102.076 	 105.531 	 216.78
70500 	 102.076 	 106.632 	 217.78
70600 	 102.076 	 105.689 	 217.86
70700 	 102.076 	 104.603 	 218.2
70800 	 102.076 	 106.201 	 217.46
70900 	 102.076 	 105.882 	 217.3
71000 	 102.076 	 106.121 	 217.86
71100 	 102.076 	 170.259 	 217.42
71200 	 102.076 	 105.42 	 217.78
71300 	 102.076 	 104.498 	 217.78
71400 	 102.076 	 106.253 	 218.64
71500 	 102.076 	 105.921 	 219.36
71600 	 102.076 	 106.875 	 218.58
71700 	 102.076 	 106.944 	 218.58
71800 	 102.076 	 106.453 	 217.3
71900 	 102.076 	 104.928 	 219.7
72000 	 102.076 	 105.615 	 219.26
72100 	 102.076 	 106.264 	 219.26
72200 	 102.076 	 105.264 	 219.72
72300 	 102.076 	 104.989 	 220.36
72400 	 102.076 	 130.231 	 223.16
72500 	 102.076 	 113.585 	 222.38
72600 	 102.076 	 105.676 	 222.5
72700 	 102.076 	 110.185 	 222.86
72800 	 102.076 	 107.204 	 222.42
72900 	 102.076 	 105.499 	 223.64
73000 	 102.076 	 150.939 	 224.48
73100 	 102.076 	 148.776 	 224.58
73200 	 102.076 	 106.283 	 224.1
73300 	 102.076 	 107.135 	 225.06
73400 	 102.076 	 115.187 	 224.52
73500 	 102.076 	 130.364 	 224.12
73600 	 102.076 	 106.89 	 223.44
73700 	 102.076 	 105.448 	 223.76
73800 	 102.076 	 104.799 	 224.08
73900 	 102.076 	 134.961 	 223.98
74000 	 102.076 	 107.428 	 224.22
74100 	 102.076 	 106.253 	 224.06
74200 	 102.076 	 106.25 	 224.22
74300 	 102.076 	 106.956 	 224.1
74400 	 102.076 	 106.417 	 222.66
74500 	 102.076 	 105.03 	 222.3
74600 	 102.076 	 114.405 	 222.98
74700 	 102.076 	 105.48 	 223.38
74800 	 102.076 	 119.12 	 223.4
74900 	 102.076 	 105.433 	 223.4
75000 	 102.076 	 107.373 	 222.44
75100 	 102.076 	 106.034 	 222.44
75200 	 102.076 	 105.879 	 224.02
75300 	 102.076 	 105.817 	 225.68
75400 	 102.076 	 106.06 	 224.4
75500 	 102.076 	 106.298 	 225.24
75600 	 102.076 	 131.359 	 224.36
75700 	 102.076 	 103.673 	 225.42
75800 	 102.076 	 105.673 	 225.46
75900 	 102.076 	 106.871 	 225.16
76000 	 102.076 	 148.174 	 224.08
76100 	 102.076 	 105.846 	 226.3
76200 	 102.076 	 106.221 	 226.7
76300 	 102.076 	 105.989 	 225.44
76400 	 102.076 	 106.405 	 226.74
76500 	 102.076 	 112.214 	 226.56
76600 	 102.076 	 107.463 	 225.98
76700 	 102.076 	 106.801 	 226.12
76800 	 102.076 	 104.425 	 226.26
76900 	 102.076 	 105.855 	 227.42
77000 	 102.076 	 106.197 	 226.92
77100 	 102.076 	 105.733 	 227.7
77200 	 102.076 	 105.05 	 227.78
77300 	 102.076 	 106.517 	 227.62
77400 	 102.076 	 106.19 	 227.58
77500 	 102.076 	 106.447 	 227.8
77600 	 102.076 	 105.448 	 227.42
77700 	 102.076 	 105.392 	 227.64
77800 	 102.076 	 107.539 	 227.6
77900 	 101.004 	 106.289 	 229.4
78000 	 101.004 	 106.696 	 229.7
78100 	 101.004 	 105.388 	 230.06
78200 	 101.004 	 112.398 	 231.62
78300 	 101.004 	 105.458 	 230.1
78400 	 101.004 	 105.715 	 231.64
78500 	 101.004 	 105.766 	 229.88
78600 	 101.004 	 105.716 	 228.92
78700 	 101.004 	 106.252 	 230.34
78800 	 101.004 	 106.403 	 231.12
78900 	 101.004 	 110.781 	 229.98
79000 	 101.004 	 106.183 	 232.76
79100 	 101.004 	 105.639 	 231.66
79200 	 101.004 	 106.123 	 230.44
79300 	 101.004 	 107.424 	 231.04
79400 	 101.004 	 105.821 	 230.22
79500 	 101.004 	 105.176 	 229.14
79600 	 101.004 	 105.156 	 229.12
79700 	 101.004 	 105.566 	 228.64
79800 	 101.004 	 104.833 	 229.98
79900 	 101.004 	 110.734 	 229.68
80000 	 101.004 	 106.746 	 230.22
80100 	 101.004 	 106.164 	 229.98
80200 	 101.004 	 106.118 	 231.6
80300 	 101.004 	 105.222 	 232.12
80400 	 101.004 	 105.497 	 229.98
80500 	 101.004 	 106.09 	 229.64
80600 	 101.004 	 106.339 	 229.9
80700 	 101.004 	 105.867 	 229.68
80800 	 101.004 	 105.631 	 229.66
80900 	 101.004 	 105.935 	 230.32
81000 	 101.004 	 105.878 	 229.26
81100 	 101.004 	 106.452 	 229.96
81200 	 101.004 	 105.531 	 229.9
81300 	 101.004 	 106.79 	 231.46
81400 	 101.004 	 105.028 	 230.72
81500 	 101.004 	 104.927 	 230.44
81600 	 101.004 	 151.162 	 230.86
81700 	 101.004 	 105.485 	 230.24
81800 	 101.004 	 105.34 	 231
81900 	 101.004 	 124.572 	 230.52
82000 	 101.004 	 105.296 	 230.36
82100 	 101.004 	 108.544 	 230.46
82200 	 101.004 	 106.226 	 231.04
82300 	 101.004 	 104.63 	 230.96
82400 	 101.004 	 105.995 	 230.46
82500 	 101.004 	 105.273 	 230.46
82600 	 101.004 	 106.257 	 229.92
82700 	 101.004 	 148.17 	 230.96
82800 	 101.004 	 106.886 	 230.42
82900 	 101.004 	 147.597 	 230.84
83000 	 101.004 	 150.713 	 229.82
83100 	 101.004 	 106.869 	 230.46
83200 	 101.004 	 107.97 	 230.44
83300 	 101.004 	 105.805 	 230.42
83400 	 101.004 	 105.991 	 232.06
83500 	 101.004 	 152.55 	 227.74
83600 	 101.004 	 105.352 	 229.2
83700 	 101.004 	 105.631 	 229.06
83800 	 101.004 	 105.459 	 230.82
83900 	 101.004 	 106.658 	 228.66
84000 	 101.004 	 107.325 	 228.06
84100 	 101.004 	 106.207 	 230.32
84200 	 101.004 	 106.541 	 229.06
84300 	 101.004 	 104.284 	 230.56
84400 	 101.004 	 105.42 	 229.16
84500 	 101.004 	 106.955 	 230.96
84600 	 101.004 	 105.193 	 229.02
84700 	 101.004 	 112.073 	 228.84
84800 	 101.004 	 104.863 	 229.04
84900 	 101.004 	 107.119 	 229.36
85000 	 101.004 	 105.626 	 229.32
85100 	 101.004 	 105.118 	 227.5
85200 	 101.004 	 168.247 	 227.52
85300 	 101.004 	 105.541 	 227.5
85400 	 101.004 	 122.607 	 227.2
85500 	 101.004 	 109.263 	 229.04
85600 	 101.004 	 105.119 	 227.52
85700 	 101.004 	 105.656 	 227.42
85800 	 101.004 	 105.661 	 227.76
85900 	 101.004 	 110.945 	 227.82
86000 	 101.004 	 105.239 	 227.5
86100 	 101.004 	 104.123 	 227.4
86200 	 101.004 	 105.506 	 227.84
86300 	 101.004 	 106.281 	 229.98
86400 	 101.004 	 105.994 	 227.22
86500 	 101.004 	 105.737 	 227.42
86600 	 101.004 	 106.888 	 227.74
86700 	 101.004 	 105.828 	 227.42
86800 	 101.004 	 105.304 	 228.2
86900 	 101.004 	 150.554 	 227.8
87000 	 101.004 	 106.311 	 227.78
87100 	 101.004 	 105.391 	 227.46
87200 	 101.004 	 118.324 	 227
87300 	 101.004 	 105.234 	 227.16
87400 	 101.004 	 108.913 	 226.6
87500 	 101.004 	 105.691 	 227.52
87600 	 101.004 	 111.057 	 227.44
87700 	 101.004 	 104.307 	 226.74
87800 	 101.004 	 105.978 	 226.7
87900 	 101.004 	 106.187 	 227.5
88000 	 101.004 	 105.79 	 227.78
88100 	 101.004 	 105.722 	 226.72
88200 	 101.004 	 111.463 	 227.1
88300 	 101.004 	 106.666 	 227.62
88400 	 101.004 	 105.55 	 226.94
88500 	 101.004 	 105.536 	 227.52
88600 	 101.004 	 105.547 	 226.9
88700 	 101.004 	 142.797 	 227.5
88800 	 101.004 	 105.561 	 227.2
88900 	 101.004 	 105.136 	 227.12
89000 	 101.004 	 105.936 	 227.12
89100 	 101.004 	 106.029 	 226.46
89200 	 101.004 	 105.176 	 227.14
89300 	 101.004 	 104.935 	 227.82
89400 	 101.004 	 106.041 	 227.42
89500 	 101.004 	 107.009 	 227.2
89600 	 101.004 	 105.006 	 227.42
89700 	 101.004 	 104.486 	 227.52
89800 	 101.004 	 104.371 	 226.94
89900 	 101.004 	 105.947 	 227.22
90000 	 101.004 	 105.718 	 226.62
90100 	 101.004 	 106.455 	 227.02
90200 	 101.004 	 106.189 	 226.64
90300 	 101.004 	 105.373 	 228.04
90400 	 101.004 	 105.499 	 228.6
90500 	 101.004 	 107.39 	 230.4
90600 	 101.004 	 106.768 	 228.28
90700 	 101.004 	 106.5 	 229.08
90800 	 101.004 	 107.809 	 228.12
90900 	 101.004 	 104.031 	 225.54
91000 	 101.004 	 104.761 	 225.64
91100 	 101.004 	 105.866 	 225.96
91200 	 101.004 	 121.203 	 225.16
91300 	 101.004 	 105.579 	 224.94
91400 	 101.004 	 104.158 	 224.54
91500 	 101.004 	 106.228 	 224.42
91600 	 101.004 	 106.196 	 224.9
91700 	 101.004 	 105.801 	 225.18
91800 	 101.004 	 105.991 	 225.06
91900 	 101.004 	 105.806 	 224.6
92000 	 101.004 	 107.065 	 224.72
92100 	 101.004 	 106.143 	 224.62
92200 	 101.004 	 104.472 	 226.26
92300 	 101.004 	 105.177 	 224.14
92400 	 101.004 	 104.295 	 224.44
92500 	 101.004 	 142.923 	 224.42
92600 	 101.004 	 104.962 	 226.12
92700 	 101.004 	 147.782 	 223.84
92800 	 101.004 	 105.167 	 224.64
92900 	 97.4635 	 105.502 	 223
93000 	 97.4635 	 105.465 	 222.96
93100 	 97.4635 	 106.302 	 223.78
93200 	 97.4635 	 117.678 	 223.2
93300 	 97.4635 	 104.72 	 223.14
93400 	 97.4635 	 106.653 	 225.8
93500 	 97.4635 	 106.115 	 225.8
93600 	 97.1403 	 105.398 	 224.72
93700 	 97.1403 	 105.487 	 225.26
93800 	 97.1403 	 129.737 	 223.62
93900 	 97.1403 	 106.754 	 223.82
94000 	 97.1403 	 107.904 	 223.94
94100 	 97.1403 	 105.606 	 224.22
94200 	 97.1403 	 105.647 	 223.96
94300 	 97.1403 	 106.083 	 223.56
94400 	 97.1403 	 103.753 	 223.82
94500 	 97.1403 	 121.875 	 223.56
94600 	 97.1403 	 105.461 	 225.08
94700 	 97.1403 	 105.537 	 225.04
94800 	 97.1403 	 110.736 	 225.48
94900 	 96.2691 	 105.889 	 223.76
95000 	 96.2691 	 105.605 	 223.96
95100 	 96.2691 	 105.542 	 222.88
95200 	 96.2691 	 105.803 	 223.52
95300 	 96.2691 	 113.095 	 224.26
95400 	 96.2691 	 106.744 	 225.06
95500 	 96.2691 	 105.125 	 225.08
95600 	 96.2691 	 105.446 	 225.34
95700 	 96.2691 	 106.965 	 222.98
95800 	 96.2691 	 111.433 	 223.54
95900 	 96.2691 	 120.283 	 225.9
96000 	 96.2691 	 103.471 	 223.22
96100 	 96.2691 	 105.665 	 223.24
96200 	 96.2691 	 105.039 	 222.12
96300 	 96.2691 	 106.212 	 222.1
96400 	 96.2691 	 105.203 	 222.28
96500 	 96.2691 	 105.291 	 221.4
96600 	 96.2691 	 105.557 	 222.32
96700 	 96.2691 	 149.925 	 222.7
96800 	 96.0361 	 105.269 	 223.38
96900 	 96.0361 	 129.858 	 221.52
97000 	 96.0361 	 104.874 	 220.68
97100 	 95.9442 	 105.659 	 220.16
97200 	 95.9442 	 104.306 	 220.16
97300 	 95.9442 	 117.862 	 219.86
97400 	 95.3637 	 103.994 	 219.66
97500 	 95.3637 	 104.586 	 220.36
97600 	 95.3637 	 103.337 	 220.74
97700 	 95.3637 	 104.987 	 220.88
97800 	 94.7832 	 104.337 	 218.68
97900 	 94.7832 	 106.453 	 219.98
98000 	 94.7832 	 104.794 	 219.84
98100 	 94.7832 	 103.352 	 219.62
98200 	 94.7832 	 104.06 	 217.4
98300 	 94.7832 	 111.892 	 215.84
98400 	 94.7832 	 103.508 	 214.4
98500 	 94.7832 	 103.081 	 213.94
98600 	 94.6623 	 103.742 	 212.64
98700 	 94.6623 	 106.183 	 213.92
98800 	 94.6623 	 104.578 	 211.98
98900 	 94.6623 	 113.999 	 211.52
99000 	 94.6623 	 104.074 	 211.02
99100 	 94.6623 	 105.623 	 208.12
99200 	 94.6623 	 103.207 	 206.78
99300 	 94.6623 	 103.614 	 206.06
99400 	 94.6623 	 105.144 	 206.28
99500 	 94.6623 	 106.32 	 206.32
99600 	 94.6623 	 103.447 	 201.82
99700 	 94.6623 	 103.389 	 202.1
99800 	 94.6623 	 102.665 	 200.66
99900 	 94.6623 	 102.928 	 197.96
100000 	 94.6623 	 101.954 	 201.3
jenny@jenny-G50VT ~/docu/572/b $ 

