-40,-39,-38,-37,-36,-35,-34,-33,-32,-31,-30,-29,-28,-27,-26,-25,-24,-23,-22,-21,-20,-19,-18,-17,-16,-15,-14,-13,-12,-11,-10,-9,-8,-7,-6,-5,-4,-3,-2,-1,0,1,2,3,4,5,6,7,8,9,10,11,12,13,14,15,16,17,18,19,20,21,22,23,24,25,26,27,28,29,30,31,32,33,34,35,36,37,38,39,40

52,30.2,23.2,12,0.6,-8,-20.8,-21.8,-27,-33.4,-41,-53.8,-52.8,-61,-55.4,-56,-63.8,-65.8,-60,-55.4,-57,-57.8,-49.8,-42,-42.4,-29,-28.8,-13.8,-13,-1.4,15,-7.5,-5,1.5,1,0.5,-7,2.5,-1,2.5,1,-0.5,5,3.5,-1,1.5,7,-0.5,2,-0.5,10.20537863,12.47229837,12.60292251,14.07559994,12.28493299,19.68999988,20.94679123,19.99243556,21.06059243,22.6242444,18.27989445,14.6015212,12.00004897,22.62273913,20.31713541,24.66839051,28.10083518,31.01892213,27.95303678,28.67447528,35.2514392,31.03233741,29.56048342,34.44107329,31.19301254,35.12186997,36.24506377,31.28759691,34.74938605,44.02769935,43.56472625


52
30.2
23.2
12
0.6
-8
-20.8
-21.8
-27
-33.4
-41
-53.8
-52.8
-61
-55.4
-56
-63.8
-65.8
-60
-55.4
-57
-57.8
-49.8
-42
-42.4
-29
-28.8
-13.8
-13
-1.4
15
-7.5
-5
1.5
1
0.5
-7
2.5
-1
2.5
1
-0.5
5
3.5
-1
1.5
7
-0.5
2
-0.5
10.20537863
12.47229837
12.60292251
14.07559994
12.28493299
19.68999988
20.94679123
19.99243556
21.06059243
22.6242444
18.27989445
14.6015212
12.00004897
22.62273913
20.31713541
24.66839051
28.10083518
31.01892213
27.95303678
28.67447528
35.2514392
31.03233741
29.56048342
34.44107329
31.19301254
35.12186997
36.24506377
31.28759691
34.74938605
44.02769935
43.56472625
