49000 	 103.961 	 114.879
49100 	 103.961 	 114.248
49200 	 103.961 	 114.09
49300 	 103.961 	 113.509
49400 	 103.961 	 113.906
49500 	 103.961 	 112.946
49600 	 103.961 	 115.384
49700 	 103.961 	 113.009
49800 	 103.961 	 112.917
49900 	 103.961 	 114.283
50000 	 103.961 	 113.954
50100 	 103.961 	 113.986
50200 	 103.961 	 113.461
50300 	 103.961 	 114.231
50400 	 103.961 	 116.575
50500 	 103.961 	 113.857
50600 	 103.961 	 115.472
50700 	 103.961 	 114.904
50800 	 103.961 	 114.231
50900 	 103.961 	 113.567
51000 	 103.961 	 113.948
51100 	 103.961 	 113.442
51200 	 103.961 	 114.147
51300 	 103.961 	 113.2
51400 	 103.961 	 116.562
51500 	 103.961 	 114.851
51600 	 103.961 	 113.213
51700 	 103.961 	 115.367
51800 	 103.961 	 114.133
51900 	 103.961 	 116.886
52000 	 103.961 	 113.128
52100 	 103.961 	 113.537
52200 	 103.961 	 114.148
52300 	 103.961 	 113.558
52400 	 103.961 	 114.428
52500 	 103.961 	 114.412
52600 	 103.961 	 113.81
52700 	 103.961 	 114.395
52800 	 103.961 	 113.778
52900 	 103.961 	 113.202
53000 	 103.961 	 113.708
53100 	 103.961 	 113.738
53200 	 103.961 	 113.936
53300 	 103.961 	 114.427
53400 	 103.961 	 113.799
53500 	 103.961 	 117.539
53600 	 103.961 	 122.53
53700 	 103.961 	 113.411
53800 	 103.961 	 114.799
53900 	 103.961 	 114.271
54000 	 103.961 	 113.512
54100 	 103.961 	 114.321
54200 	 103.961 	 114.105
54300 	 103.961 	 114.036
54400 	 103.961 	 119.651
54500 	 103.961 	 114.018
54600 	 103.961 	 125.626
54700 	 103.961 	 112.897
54800 	 103.961 	 115.35
54900 	 103.961 	 113.904
55000 	 103.961 	 115.393
55100 	 103.961 	 113.122
55200 	 103.961 	 113.247
55300 	 103.961 	 113.112
55400 	 103.961 	 113.877
55500 	 103.961 	 113.404
55600 	 103.961 	 113.567
55700 	 103.961 	 112.52
55800 	 103.961 	 114.134
55900 	 103.961 	 112.875
56000 	 103.961 	 115.121
56100 	 103.961 	 114.007
56200 	 103.961 	 112.876
56300 	 103.961 	 113.358
56400 	 103.961 	 113.601
56500 	 103.961 	 113.405
56600 	 103.961 	 112.792
56700 	 103.961 	 111.571
56800 	 103.961 	 112.084
56900 	 103.961 	 112.066
57000 	 103.961 	 113.689
57100 	 103.961 	 113.894
57200 	 103.961 	 112.313
57300 	 103.961 	 113.552
57400 	 103.961 	 112.622
57500 	 103.961 	 112.562
57600 	 103.961 	 113.181
57700 	 103.961 	 123.993
57800 	 103.961 	 114.995
57900 	 103.68 	 112.116
58000 	 103.68 	 117.564
58100 	 103.68 	 113.375
58200 	 103.68 	 129.987
58300 	 103.68 	 113.644
58400 	 103.68 	 113.564
58500 	 103.68 	 113.43
58600 	 103.68 	 112.901
58700 	 103.68 	 112.845
58800 	 103.68 	 112.669
58900 	 103.68 	 113.538
59000 	 103.68 	 113.628
59100 	 103.68 	 111.886
59200 	 103.68 	 112.276
59300 	 103.68 	 113.152
59400 	 103.68 	 113.487
59500 	 103.68 	 112.622
59600 	 103.68 	 113.344
59700 	 103.68 	 111.737
59800 	 103.68 	 121.874
59900 	 103.68 	 156.185
60000 	 103.68 	 112.599
60100 	 103.68 	 113.128
60200 	 103.68 	 112.569
60300 	 103.68 	 112.6
60400 	 103.68 	 112.273
60500 	 103.68 	 173.706
60600 	 103.68 	 111.537
60700 	 103.68 	 111.59
60800 	 103.68 	 111.413
60900 	 103.68 	 112.212
61000 	 103.68 	 111.497
61100 	 103.68 	 113.061
61200 	 103.68 	 113.121
61300 	 103.68 	 112.826
61400 	 103.68 	 113.211
61500 	 103.68 	 112.441
61600 	 103.68 	 111.253
61700 	 103.68 	 113.202
61800 	 103.68 	 112.066
61900 	 103.68 	 111.637
62000 	 103.68 	 111.207
62100 	 103.68 	 112.149
62200 	 103.68 	 112.359
62300 	 103.68 	 111.865
62400 	 103.68 	 113.041
62500 	 103.68 	 112.228
62600 	 103.68 	 113.494
62700 	 103.68 	 111.514
62800 	 103.68 	 111.745
62900 	 103.68 	 112.394
63000 	 103.68 	 111.776
63100 	 103.68 	 111.937
63200 	 103.68 	 116.062
63300 	 103.68 	 111.571
63400 	 103.68 	 111.79
63500 	 103.68 	 112.449
63600 	 103.68 	 111.567
63700 	 103.68 	 111.975
63800 	 103.68 	 112.245
63900 	 103.68 	 113.193
64000 	 103.68 	 112.416
64100 	 103.68 	 113.238
64200 	 103.68 	 111.149
64300 	 103.68 	 112.839
64400 	 103.68 	 111.057
64500 	 103.68 	 112.126
64600 	 103.428 	 111.924
64700 	 103.428 	 112.995
64800 	 103.428 	 111.73
64900 	 103.428 	 111.892
65000 	 103.428 	 111.151
65100 	 103.428 	 119.835
65200 	 103.428 	 112.225
65300 	 103.428 	 111.014
65400 	 103.428 	 112.202
65500 	 103.428 	 111.158
65600 	 103.428 	 115.88
65700 	 103.428 	 111.648
65800 	 103.428 	 125.65
65900 	 103.428 	 110.446
66000 	 103.428 	 111.374
66100 	 103.428 	 111.661
66200 	 103.428 	 111.67
66300 	 103.428 	 111.179
66400 	 103.428 	 111.368
66500 	 103.428 	 112.535
66600 	 103.428 	 110.794
66700 	 103.428 	 111.612
66800 	 103.428 	 110.869
66900 	 103.428 	 111.153
67000 	 103.428 	 111.685
67100 	 103.428 	 113.153
67200 	 103.428 	 111.21
67300 	 103.428 	 111.47
67400 	 103.428 	 111.034
67500 	 103.428 	 111.013
67600 	 103.428 	 110.986
67700 	 103.428 	 111.15
67800 	 103.428 	 112.202
67900 	 103.428 	 111.847
68000 	 103.428 	 111.444
68100 	 103.428 	 110.906
68200 	 103.428 	 111.224
68300 	 103.428 	 111.445
68400 	 103.428 	 114.909
68500 	 103.428 	 110.995
68600 	 103.428 	 111.299
68700 	 103.428 	 114.654
68800 	 103.428 	 111.889
68900 	 103.428 	 110.639
69000 	 103.428 	 111.745
69100 	 103.428 	 113.459
69200 	 103.428 	 174.057
69300 	 103.428 	 110.913
69400 	 103.428 	 110.309
69500 	 103.428 	 110.274
69600 	 103.428 	 111.176
69700 	 103.428 	 112.454
69800 	 103.149 	 140.076
69900 	 103.149 	 111.796
70000 	 103.149 	 155.877
70100 	 103.149 	 110.546
70200 	 103.149 	 119.751
70300 	 103.149 	 110.411
70400 	 103.149 	 110.306
70500 	 103.149 	 109.936
70600 	 103.12 	 110.124
70700 	 103.12 	 112.321
70800 	 103.12 	 111.812
70900 	 103.12 	 110.62
71000 	 103.12 	 110.485
71100 	 103.12 	 112.351
71200 	 103.12 	 109.64
71300 	 103.12 	 111.388
71400 	 103.12 	 110.639
71500 	 103.12 	 110.734
71600 	 103.12 	 111.048
71700 	 103.12 	 110.39
71800 	 103.12 	 110.069
71900 	 103.12 	 109.79
72000 	 103.12 	 110.877
72100 	 103.12 	 109.561
72200 	 103.12 	 110.185
72300 	 103.12 	 110.189
72400 	 103.12 	 110.062
72500 	 103.12 	 110.489
72600 	 103.12 	 110.596
72700 	 103.12 	 109.791
72800 	 103.12 	 109.967
72900 	 103.12 	 111.074
73000 	 103.12 	 110.562
73100 	 103.12 	 109.943
73200 	 103.12 	 110.229
73300 	 103.12 	 109.752
73400 	 103.12 	 109.819
73500 	 103.12 	 109.955
73600 	 103.12 	 110.195
73700 	 103.12 	 117.533
73800 	 103.12 	 110.999
73900 	 103.12 	 109.806
74000 	 103.12 	 109.378
74100 	 103.12 	 110.498
74200 	 103.12 	 110.828
74300 	 103.12 	 109.577
74400 	 103.12 	 109.328
74500 	 103.12 	 125.144
74600 	 103.12 	 111.973
74700 	 103.12 	 109.717
74800 	 103.12 	 110.292
74900 	 103.12 	 109.192
75000 	 103.12 	 110.745
75100 	 103.12 	 154.121
75200 	 103.12 	 109.812
75300 	 103.12 	 108.771
75400 	 103.12 	 109.266
75500 	 103.12 	 109.797
75600 	 103.12 	 108.543
75700 	 103.12 	 108.32
75800 	 103.12 	 109.452
75900 	 103.12 	 109.208
76000 	 103.12 	 110.085
76100 	 103.12 	 109.752
76200 	 103.12 	 109.268
76300 	 103.12 	 109.118
76400 	 103.12 	 110.219
76500 	 103.12 	 109.955
76600 	 103.12 	 172.861
76700 	 103.12 	 108.962
76800 	 103.12 	 108.557
76900 	 103.12 	 110.14
77000 	 103.12 	 172.002
77100 	 103.12 	 108.956
77200 	 103.12 	 108.925
77300 	 103.12 	 109.941
77400 	 103.12 	 109.727
77500 	 103.12 	 109.092
77600 	 103.12 	 109.244
77700 	 103.12 	 108.849
77800 	 103.12 	 109.189
77900 	 103.12 	 108.892
78000 	 103.12 	 109.083
78100 	 103.12 	 165.246
78200 	 103.12 	 108.953
78300 	 103.12 	 109.415
78400 	 103.12 	 109.636
78500 	 103.12 	 109.263
78600 	 103.12 	 108.483
78700 	 103.12 	 108.714
78800 	 103.12 	 108.974
78900 	 103.12 	 109.12
79000 	 103.12 	 108.758
79100 	 103.12 	 107.926
79200 	 103.12 	 109.319
79300 	 103.12 	 109.017
79400 	 103.12 	 108.969
79500 	 103.12 	 109.037
79600 	 103.12 	 109.79
79700 	 103.12 	 108.658
79800 	 103.12 	 151.531
79900 	 103.12 	 108.854
80000 	 103.12 	 108.135
80100 	 102.012 	 109.132
80200 	 102.012 	 108.349
80300 	 102.012 	 114.572
80400 	 102.012 	 126.465
80500 	 102.012 	 108.04
80600 	 102.012 	 108.866
80700 	 102.012 	 108.572
80800 	 102.012 	 109.161
80900 	 102.012 	 109.7
81000 	 102.012 	 108.638
81100 	 102.012 	 153.232
81200 	 102.012 	 109.123
81300 	 102.012 	 109.031
81400 	 102.012 	 106.737
81500 	 102.012 	 108.607
81600 	 102.012 	 109.406
81700 	 102.012 	 109.109
81800 	 101.688 	 113.861
81900 	 101.688 	 108.767
82000 	 101.688 	 108.702
82100 	 101.688 	 109.497
82200 	 101.688 	 108.904
82300 	 101.688 	 107.966
82400 	 101.688 	 108.435
82500 	 101.688 	 107.102
82600 	 101.688 	 108.743
82700 	 101.688 	 108.994
82800 	 101.688 	 108.459
82900 	 101.688 	 107.849
83000 	 101.688 	 107.252
83100 	 101.688 	 107.749
83200 	 101.688 	 109.599
83300 	 101.688 	 123.37
83400 	 101.688 	 107.66
83500 	 101.688 	 153.319
83600 	 101.688 	 108.226
83700 	 101.688 	 108.151
83800 	 101.688 	 107.932
83900 	 101.688 	 108.034
84000 	 101.688 	 109.843
84100 	 101.688 	 108.772
84200 	 101.688 	 121.592
84300 	 101.688 	 110.057
84400 	 101.688 	 108.549
84500 	 101.688 	 107.237
84600 	 101.688 	 108.438
84700 	 101.688 	 108.461
84800 	 101.688 	 109.656
84900 	 101.688 	 108.522
85000 	 101.688 	 108.923
85100 	 101.688 	 108.022
85200 	 101.688 	 108.403
85300 	 101.688 	 107.482
85400 	 101.688 	 108.315
85500 	 101.688 	 153.472
85600 	 101.688 	 108.504
85700 	 101.688 	 107.916
85800 	 101.688 	 107.771
85900 	 101.688 	 108.339
86000 	 101.688 	 107.11
86100 	 101.688 	 107.681
86200 	 101.688 	 108.379
86300 	 101.688 	 108.974
86400 	 101.688 	 107.498
86500 	 101.688 	 108.17
86600 	 101.688 	 107.431
86700 	 101.688 	 107.424
86800 	 101.688 	 138.033
86900 	 101.688 	 108.297
87000 	 101.688 	 112.049
87100 	 101.688 	 107.83
87200 	 101.688 	 108.28
87300 	 101.688 	 108.375
87400 	 101.688 	 108.413
87500 	 101.688 	 111.216
87600 	 101.688 	 107.393
87700 	 101.688 	 107.314
87800 	 101.688 	 107.911
87900 	 101.688 	 107.973
88000 	 101.688 	 107.535
88100 	 101.688 	 108.031
88200 	 101.688 	 153.151
88300 	 101.688 	 107.972
88400 	 101.688 	 108.121
88500 	 101.688 	 107.007
88600 	 101.688 	 107.735
88700 	 101.688 	 107.931
88800 	 101.688 	 108.497
88900 	 101.688 	 107.462
89000 	 101.688 	 105.831
89100 	 101.688 	 107.634
89200 	 101.688 	 107.147
89300 	 101.688 	 109.621
89400 	 101.688 	 108.886
89500 	 101.688 	 107.869
89600 	 101.688 	 108.247
89700 	 101.688 	 108.61
89800 	 101.688 	 120.229
89900 	 101.688 	 107.77
90000 	 101.688 	 108.287
90100 	 101.688 	 108.299
90200 	 101.688 	 107.575
90300 	 101.688 	 108.077
90400 	 101.688 	 108.699
90500 	 101.688 	 107.11
90600 	 101.688 	 107.6
90700 	 101.688 	 107.719
90800 	 101.688 	 108.35
90900 	 101.688 	 119.027
91000 	 101.688 	 107.918
91100 	 101.688 	 106.636
91200 	 101.688 	 108.654
91300 	 101.688 	 157.229
91400 	 101.688 	 108.272
91500 	 101.688 	 115.272
91600 	 101.688 	 107.804
91700 	 101.688 	 107.17
91800 	 101.688 	 118.676
91900 	 101.688 	 109.458
92000 	 101.688 	 107.82
92100 	 101.688 	 122.025
92200 	 101.688 	 107.407
92300 	 101.688 	 108.849
92400 	 101.688 	 107.059
92500 	 101.688 	 106.303
92600 	 101.688 	 150.607
92700 	 101.688 	 109.637
92800 	 101.688 	 106.1
92900 	 101.688 	 106.945
93000 	 101.688 	 151.964
93100 	 101.688 	 107.536
93200 	 101.688 	 107.397
93300 	 101.688 	 107.014
93400 	 101.688 	 107.421
93500 	 101.688 	 107.781
93600 	 101.688 	 107.385
93700 	 101.688 	 107.881
93800 	 101.688 	 106.809
93900 	 101.688 	 117.672
94000 	 101.688 	 107.245
94100 	 101.688 	 122.495
94200 	 101.688 	 107.577
94300 	 101.688 	 107.305
94400 	 101.688 	 106.862
94500 	 101.688 	 108.877
94600 	 101.688 	 110.401
94700 	 101.688 	 106.958
94800 	 101.688 	 152.254
94900 	 101.688 	 105.909
95000 	 101.688 	 150.362
95100 	 101.688 	 108.532
95200 	 101.688 	 108.068
95300 	 101.688 	 107.515
95400 	 101.688 	 107.458
95500 	 101.688 	 108.187
95600 	 101.688 	 108.629
95700 	 101.688 	 107.172
95800 	 101.688 	 107.41
95900 	 101.688 	 107.479
96000 	 101.688 	 107.686
96100 	 101.688 	 106.867
96200 	 101.688 	 108.764
96300 	 101.688 	 107.957
96400 	 101.688 	 106.835
96500 	 101.688 	 109.512
96600 	 101.688 	 107.282
96700 	 101.688 	 107.611
96800 	 101.688 	 109.929
96900 	 101.688 	 107.137
97000 	 101.688 	 108.165
97100 	 101.688 	 107.33
97200 	 101.688 	 107.16
97300 	 101.688 	 108.079
97400 	 101.688 	 108.228
97500 	 101.688 	 107.338
97600 	 101.688 	 106.663
97700 	 101.688 	 108.127
97800 	 101.688 	 107.908
97900 	 101.688 	 106.963
98000 	 101.688 	 107.458
98100 	 101.688 	 122.794
98200 	 101.688 	 108.646
98300 	 101.688 	 107.758
98400 	 101.688 	 107.711
98500 	 101.688 	 106.31
98600 	 101.688 	 107.804
98700 	 101.688 	 107.449
98800 	 101.688 	 106.609
98900 	 101.688 	 113.018
99000 	 101.688 	 114.414
99100 	 101.688 	 107.259
99200 	 101.688 	 149.556
99300 	 101.688 	 121.239
99400 	 101.688 	 106.894
99500 	 101.688 	 107.119
99600 	 101.688 	 107.566
99700 	 101.688 	 107.503
99800 	 101.688 	 149.877
99900 	 101.688 	 107.066
100000 	 101.688 	 107.632
jenny@jenny-G50VT ~/docu/572/b $ 
    
        
