	0.922  
	X6  

popu[85]:  Size: 3 Fitness: 197.814
*2  
	X6  
	0.922  

popu[86]:  Size: 3 Fitness: 197.814
*2  
	X6  
	0.922  

popu[87]:  Size: 3 Fitness: 197.814
*2  
	0.922  
	X6  

popu[88]:  Size: 3 Fitness: 197.814
*2  
	X6  
	0.922  

popu[89]:  Size: 3 Fitness: 197.814
*2  
	0.922  
	X6  

popu[90]:  Size: 3 Fitness: 197.814
*2  
	X6  
	0.922  

popu[91]:  Size: 3 Fitness: 197.814
*2  
	0.922  
	X6  

popu[92]:  Size: 3 Fitness: 197.814
*2  
	X6  
	0.922  

popu[93]:  Size: 3 Fitness: 197.814
*2  
	0.922  
	X6  

popu[94]:  Size: 3 Fitness: 197.814
*2  
	X6  
	0.922  

popu[95]:  Size: 3 Fitness: 197.814
*2  
	X6  
	0.922  

popu[96]:  Size: 3 Fitness: 197.814
*2  
	X6  
	0.922  

popu[97]:  Size: 3 Fitness: 197.814
*2  
	X6  
	0.922  

popu[98]:  Size: 3 Fitness: 197.814
*2  
	X6  
	0.922  

popu[99]:  Size: 3 Fitness: 197.814
*2  
	0.922  
	X6  


50000 	 197.814 	 199.425 	 3
jenny@jenny-G50VT ~/docu/572/b $ a
Population Information: 
min:198.412
avg:2.23234e+08
avgSize:10.19
2000 	 168.389 	 199.583 	 12.28
4000 	 115.737 	 181.234 	 23.55
6000 	 115.591 	 195.363 	 34.46
8000 	 110.475 	 139.346 	 34.61
10000 	 109.19 	 129.771 	 34.91
12000 	 108.264 	 125.408 	 34.94
14000 	 101.194 	 118.31 	 33.43
16000 	 101.194 	 123.021 	 33.36
18000 	 101.194 	 131.179 	 31.95
20000 	 101.194 	 117.271 	 32.39
22000 	 101.194 	 119.185 	 33.31
24000 	 101.194 	 117.523 	 33.95
26000 	 101.194 	 115.899 	 35.19
28000 	 101.194 	 113.541 	 36.82
30000 	 101.194 	 113.089 	 38.05
32000 	 101.194 	 113.607 	 38.6
34000 	 101.194 	 112.011 	 38.7
36000 	 101.194 	 111.39 	 38.76
38000 	 101.194 	 112.146 	 40.2
40000 	 101.194 	 110.293 	 40.57
42000 	 101.194 	 110.592 	 42.37
44000 	 100.95 	 108.737 	 44.19
46000 	 100.95 	 115.375 	 45.51
48000 	 100.95 	 107.422 	 46.7

popu[28]:  Size: 37 Fitness: 99.9197
F5  
	P4  
		5.45  
	-1  
		-2.772  
		X6  
	+0  
		-4.238  
		8.534  
	F5  
		P4  
			5.45  
		-1  
			13.97  
			X6  
		F5  
			P4  
				X6  
			P4  
				5.45  
			P4  
				5.888  
			*2  
				13.134  
				-4.172  
		F5  
			P4  
				9.704  
			-1  
				10.672  
				X6  
			+0  
				9.594  
				1.142  
			+0  
				X6  
				-3.172  


50000 	 99.9197 	 107.472 	 47.8
jenny@jenny-G50VT ~/docu/572/b $ mc
\rm *.o *~ a.out
rm: cannot remove ‘*~’: No such file or directory
make: *** [clean] Error 1
jenny@jenny-G50VT ~/docu/572/b $ m
g++ -c population.cpp
g++ -c individual.cpp
g++ -c node.cpp
g++ test.cpp population.o individual.o node.o
jenny@jenny-G50VT ~/docu/572/b $ a
Population Information: 
min:198.24
avg:1.09039e+06
avgSize:10.61
2000 	 198.186 	 199.256 	 3
4000 	 198.186 	 199.237 	 3
6000 	 198.186 	 198.196 	 3
8000 	 198.186 	 200.002 	 3
10000 	 198.186 	 198.186 	 3
12000 	 198.186 	 265.644 	 3
14000 	 198.186 	 200.204 	 3
16000 	 198.186 	 199.101 	 3
18000 	 198.186 	 200.002 	 3
20000 	 198.097 	 201.388 	 3
22000 	 197.84 	 205.966 	 3
24000 	 197.83 	 199.432 	 3
26000 	 197.83 	 197.927 	 3
28000 	 197.83 	 199.459 	 3
30000 	 197.83 	 199.057 	 3
32000 	 197.815 	 198.63 	 3
34000 	 197.815 	 199.388 	 3
36000 	 197.815 	 198.966 	 3
38000 	 197.815 	 198.61 	 3
40000 	 197.815 	 199.519 	 3
42000 	 197.815 	 199.414 	 3
44000 	 197.815 	 199.42 	 3
46000 	 197.815 	 198.617 	 3
48000 	 197.815 	 198.619 	 3
50000 	 197.815 	 198.778 	 3
52000 	 197.815 	 198.635 	 3
54000 	 197.815 	 202.938 	 3
56000 	 197.815 	 198.793 	 3
58000 	 197.815 	 198.619 	 3
60000 	 197.815 	 198.623 	 3
62000 	 197.815 	 199.417 	 3
64000 	 197.815 	 201.362 	 3
66000 	 197.815 	 197.828 	 3
68000 	 197.815 	 199.415 	 3
70000 	 197.815 	 199.034 	 3
72000 	 197.815 	 199.412 	 3
74000 	 197.815 	 201.334 	 3
76000 	 197.815 	 199.385 	 3
78000 	 197.815 	 198.619 	 3
80000 	 197.815 	 199.409 	 3
82000 	 197.815 	 264.019 	 3
84000 	 197.815 	 199.402 	 3
86000 	 197.815 	 197.907 	 3
88000 	 197.815 	 197.937 	 3
^C
jenny@jenny-G50VT ~/docu/572/b $ mc
\rm *.o *~ a.out
rm: cannot remove ‘*~’: No such file or directory
make: *** [clean] Error 1
jenny@jenny-G50VT ~/docu/572/b $ m
g++ -c population.cpp
g++ -c individual.cpp
g++ -c node.cpp
g++ test.cpp population.o individual.o node.o
jenny@jenny-G50VT ~/docu/572/b $ a
Population Information: 
min:198.316
avg:2.5939e+07
avgSize:10.45
2000 	 172.44 	 198.526 	 14.49
4000 	 145.744 	 169.387 	 43
6000 	 137.575 	 214.127 	 34.6
8000 	 137.415 	 145.949 	 34.56
10000 	 136.389 	 144.316 	 33.58
12000 	 115.157 	 141.984 	 33.31
14000 	 115.157 	 139.275 	 33.09
16000 	 115.157 	 144.088 	 31.55
18000 	 113.294 	 134.003 	 30.19
20000 	 113.294 	 131.026 	 30.29
22000 	 112.548 	 127.427 	 30.48
24000 	 111.002 	 123.816 	 32.18
26000 	 107.678 	 139.571 	 31.39
28000 	 107.678 	 166.014 	 30.8
30000 	 106.717 	 121.567 	 31.4
32000 	 106.717 	 120.603 	 31
34000 	 106.717 	 136.048 	 30.8
36000 	 106.717 	 118.326 	 31.1
38000 	 106.717 	 116.957 	 30.3
40000 	 93.2065 	 116.652 	 30.8
42000 	 93.2065 	 118.243 	 29.9
44000 	 93.2065 	 116.614 	 29.4
46000 	 93.2065 	 116.801 	 29.5
48000 	 93.2065 	 132.541 	 29.8
50000 	 93.2065 	 116.619 	 30.1
52000 	 93.2065 	 117.213 	 30.8
54000 	 93.2065 	 116.486 	 30.9
56000 	 93.2065 	 115.828 	 31.7
58000 	 93.2065 	 115.449 	 32.4
60000 	 93.2065 	 114.26 	 31.8
62000 	 93.2065 	 117.417 	 32.8
64000 	 93.2065 	 113.952 	 32.9
66000 	 93.2065 	 113.343 	 33.2
68000 	 93.2065 	 156.643 	 33.2
70000 	 93.2065 	 120.216 	 33.5
72000 	 93.2065 	 114.437 	 33.6
74000 	 93.2065 	 114.172 	 33.7
76000 	 93.2065 	 159.346 	 33.6
78000 	 93.2065 	 114.646 	 33.7
80000 	 93.2065 	 125.297 	 33.4
82000 	 93.2065 	 113.414 	 33.5
84000 	 93.2065 	 113.042 	 33.5
86000 	 93.2065 	 156.499 	 33.8
88000 	 93.2065 	 112.011 	 33.6
90000 	 93.2065 	 113.187 	 33.8
92000 	 93.2065 	 130.483 	 33.7
94000 	 93.2065 	 113.634 	 33.5
96000 	 93.2065 	 111.52 	 33.5
98000 	 93.2065 	 111.767 	 33.6
100000 	 93.2065 	 112.116 	 33.6
102000 	 93.2065 	 112.285 	 33.7
104000 	 93.2065 	 112.173 	 33.3
106000 	 93.2065 	 112.738 	 33.3
108000 	 93.2065 	 155.555 	 33.4
110000 	 93.2065 	 174.815 	 33.5
112000 	 93.2065 	 116.617 	 33.8
114000 	 93.2065 	 110.529 	 33.7
116000 	 93.2065 	 110.052 	 33.4
118000 	 93.2065 	 110.486 	 33.7
120000 	 93.2065 	 110.182 	 33.9
122000 	 93.2065 	 110.774 	 34
124000 	 93.2065 	 111.391 	 34.4
126000 	 93.2065 	 111.036 	 34.5
128000 	 93.2065 	 110.336 	 34.2
130000 	 93.2065 	 110.156 	 34.6
132000 	 93.2065 	 110.198 	 34.8
134000 	 93.2065 	 121.078 	 34.8
136000 	 93.2065 	 109.511 	 35.5
138000 	 93.2065 	 110.036 	 35.5
140000 	 93.2065 	 109.342 	 35.7
142000 	 93.2065 	 108.652 	 35.8
144000 	 93.2065 	 109.269 	 35.7
146000 	 93.2065 	 118.977 	 36.3
148000 	 93.2065 	 108.272 	 36.2
150000 	 93.2065 	 109.524 	 36.4
152000 	 93.2065 	 109.141 	 36.7
154000 	 93.2065 	 106.847 	 37.4
156000 	 93.2065 	 108.573 	 37.6
158000 	 93.2065 	 108.304 	 38.2
160000 	 93.2065 	 107.75 	 38.4
162000 	 93.2065 	 109.175 	 38.4
164000 	 93.2065 	 110.428 	 38.1
166000 	 93.2065 	 106.592 	 38.3
168000 	 93.2065 	 107.109 	 38.3
170000 	 93.2065 	 149.261 	 38.6
172000 	 93.2065 	 108.44 	 38.7
174000 	 93.2065 	 105.268 	 38.9
176000 	 93.2065 	 107.166 	 38.9
178000 	 93.2065 	 105.099 	 38.8
180000 	 93.2065 	 104.477 	 38.8
182000 	 93.2065 	 106.56 	 38.8
184000 	 93.2065 	 168.302 	 38.5
186000 	 93.2065 	 104.827 	 38.6
188000 	 93.2065 	 104.12 	 37.9
190000 	 93.2065 	 104.29 	 37.7
192000 	 93.2065 	 103.5 	 37.4
194000 	 93.2065 	 104.84 	 37.4
196000 	 93.2065 	 105.055 	 37.6
198000 	 93.2065 	 102.62 	 37.9
200000 	 93.2065 	 102.709 	 37.3
202000 	 93.2065 	 104.263 	 37.5
204000 	 93.2065 	 103.006 	 37.4
206000 	 93.2065 	 102.403 	 37.1
208000 	 93.2065 	 107.105 	 37
210000 	 93.2065 	 102.015 	 37.1
212000 	 93.2065 	 101.204 	 37.3
214000 	 93.2065 	 102.109 	 37.6
216000 	 93.2065 	 102.647 	 37.5
218000 	 93.2065 	 103.534 	 37.2
220000 	 93.2065 	 101.224 	 36.1
222000 	 93.2065 	 101.383 	 36.1
224000 	 93.2065 	 103.845 	 35.9
226000 	 93.2065 	 103.553 	 35.9
228000 	 93.2065 	 109.715 	 35.9
230000 	 93.2065 	 100.952 	 35.8
232000 	 93.2065 	 100.867 	 35.7
234000 	 93.2065 	 100.699 	 35.5
236000 	 93.2065 	 101.005 	 35.5
238000 	 93.2065 	 100.68 	 35.4
240000 	 93.2065 	 100.635 	 35.3
242000 	 93.2065 	 100.56 	 35.4
244000 	 93.2065 	 100.344 	 35.4
246000 	 93.2065 	 102.04 	 35.5
248000 	 93.2065 	 101.005 	 35.4
250000 	 93.2065 	 102.744 	 35.3
252000 	 93.2065 	 99.7799 	 35.3
254000 	 93.2065 	 106.729 	 35.1
256000 	 93.2065 	 100.255 	 35.1
258000 	 93.2065 	 100.365 	 35
260000 	 93.2065 	 107.942 	 34.9
262000 	 93.2065 	 145.216 	 35.1
264000 	 93.2065 	 101.69 	 35.2
266000 	 93.2065 	 100.218 	 34.8
268000 	 93.2065 	 101.195 	 35
270000 	 93.2065 	 112.699 	 34.8
272000 	 93.2065 	 101.319 	 34.8
274000 	 93.2065 	 98.9658 	 34.8
276000 	 93.2065 	 111.201 	 34.4
278000 	 93.2065 	 122.359 	 34.3
280000 	 93.2065 	 98.9757 	 34.1
282000 	 93.2065 	 100.396 	 33.7
284000 	 93.2065 	 99.2285 	 33.6
286000 	 93.2065 	 99.77 	 33.8
288000 	 93.2065 	 99.7092 	 33.7
290000 	 93.2065 	 101.841 	 33.7
292000 	 93.2065 	 101.104 	 33.5
294000 	 93.2065 	 116.51 	 33.1
296000 	 93.2065 	 100.552 	 33.1
298000 	 93.2065 	 141.547 	 32.8
300000 	 93.2065 	 106.058 	 32.6
302000 	 93.2065 	 99.1974 	 32.5
304000 	 93.2065 	 99.3248 	 32.5
306000 	 93.2065 	 98.6201 	 32.2
308000 	 93.2065 	 98.8688 	 32.2
310000 	 89.8641 	 99.9291 	 31.9
312000 	 89.8641 	 100.069 	 31.9
314000 	 89.8641 	 99.9902 	 31.7
316000 	 89.8641 	 98.3008 	 31.6
318000 	 89.8641 	 141.203 	 31.7
320000 	 89.8641 	 98.8929 	 31.8
322000 	 89.8641 	 100.899 	 31.7
324000 	 89.8641 	 99.2528 	 31.8
326000 	 89.8641 	 98.2838 	 31.6
328000 	 89.8641 	 98.3528 	 31.7
330000 	 89.8641 	 98.2098 	 31.4
332000 	 89.8641 	 98.952 	 31.5
334000 	 89.8641 	 98.6635 	 31.2
336000 	 89.8641 	 101.962 	 31.3
338000 	 89.8641 	 99.689 	 31.3
340000 	 89.8641 	 98.9008 	 31.3
342000 	 88.9364 	 115.958 	 31.1
344000 	 88.9364 	 101.868 	 31.2
346000 	 88.9364 	 99.4126 	 31.4
348000 	 88.9364 	 101.584 	 31.3
350000 	 88.9364 	 98.3319 	 31.4
352000 	 88.9364 	 98.8677 	 31.4
354000 	 88.9364 	 98.044 	 31.3
356000 	 88.9364 	 96.9043 	 31.3
358000 	 88.9364 	 98.493 	 31.1
360000 	 88.9364 	 98.2012 	 31.2
362000 	 88.9364 	 98.5291 	 31.1
364000 	 88.9364 	 97.6976 	 31.2
366000 	 88.9364 	 98.6095 	 31.2
368000 	 88.9364 	 97.1153 	 31.2
370000 	 88.9364 	 109.091 	 31.1
372000 	 88.9364 	 101.703 	 31.2
374000 	 88.9364 	 97.8883 	 31.1
376000 	 88.9364 	 97.4628 	 31.1
378000 	 88.9364 	 98.903 	 31
380000 	 88.9364 	 98.6578 	 31.1
382000 	 88.9364 	 160.36 	 31.2
384000 	 88.9364 	 96.6702 	 31.2
386000 	 88.9364 	 139.799 	 31.2
388000 	 88.9364 	 107.11 	 31.1
390000 	 88.9364 	 100.774 	 31.1
392000 	 88.9364 	 98.0254 	 31.2
394000 	 88.9364 	 97.7835 	 31.2
396000 	 88.9364 	 96.948 	 31.1
398000 	 88.9364 	 142.717 	 31.1
400000 	 88.9364 	 102.112 	 31
402000 	 88.9364 	 115.995 	 30.8
404000 	 88.9364 	 99.9626 	 31
406000 	 88.9364 	 97.4266 	 30.9
408000 	 88.9364 	 98.8115 	 30.9
410000 	 88.9364 	 100.465 	 30.9
412000 	 88.9364 	 97.8061 	 30.9
414000 	 88.9364 	 98.2055 	 31.1
416000 	 88.9364 	 99.6582 	 31.1
418000 	 88.9364 	 97.574 	 31.3
420000 	 88.9364 	 101.039 	 31.1
422000 	 88.9364 	 97.442 	 31.3
424000 	 88.9364 	 107.625 	 31.3
426000 	 88.9364 	 96.5321 	 31.3
428000 	 88.9364 	 97.502 	 31.3
430000 	 88.9364 	 97.8549 	 31.3
432000 	 88.9364 	 96.0431 	 31.3
434000 	 88.9364 	 96.608 	 31
436000 	 88.9364 	 97.2163 	 30.9
438000 	 88.9364 	 98.1791 	 30.8
440000 	 88.9364 	 96.7311 	 30.8
442000 	 88.9364 	 99.0837 	 30.9
444000 	 88.9364 	 139.447 	 30.9
446000 	 88.9364 	 95.61 	 31
448000 	 88.9364 	 98.6045 	 30.9
450000 	 88.9364 	 102.965 	 31
452000 	 88.9364 	 96.747 	 31
454000 	 88.9364 	 97.0643 	 31.1
456000 	 88.9364 	 96.7432 	 31.1
458000 	 88.9364 	 101.025 	 31
460000 	 88.9364 	 105.668 	 30.8
462000 	 88.9364 	 139.163 	 30.9
464000 	 88.9364 	 104.99 	 30.7
466000 	 88.9364 	 97.3405 	 30.9
468000 	 88.9364 	 104.43 	 30.8
470000 	 88.9364 	 99.8848 	 30.8
472000 	 88.9364 	 139.036 	 30.9
474000 	 88.9364 	 95.2591 	 30.6
476000 	 88.9364 	 96.5406 	 30.6
478000 	 88.9364 	 97.2871 	 30.7
480000 	 88.9364 	 96.7391 	 30.5
482000 	 88.9364 	 96.8029 	 30.5
484000 	 88.9364 	 96.5843 	 30.5
486000 	 88.9364 	 95.8894 	 30.1
488000 	 88.9364 	 96.7237 	 30.2
490000 	 88.9364 	 96.8018 	 30.2
492000 	 88.9364 	 96.4267 	 29.9
494000 	 88.9364 	 98.4657 	 29.8
496000 	 88.9364 	 95.765 	 30
498000 	 88.9364 	 95.6165 	 29.9

popu[43]:  Size: 33 Fitness: 88.9364
F5  
	/3  
		1.64  
		X6  
	+0  
		X6  
		13.77  
	-1  
		X6  
		1.784  
	F5  
		/3  
			X6  
			-2.902  
		+0  
			1.558  
			10.506  
		F5  
			/3  
				X6  
				-2.902  
			*2  
				1.058  
				10.006  
			*2  
				X6  
				2.628  
			+0  
				X6  
				1.132  
		/3  
			X6  
			-2.402  


500000 	 88.9364 	 96.3566 	 29.8
jenny@jenny-G50VT ~/docu/572/b $ 

