49000 	 188.905 	 314.245 	 18.04
49100 	 188.905 	 230.821 	 18.28
49200 	 188.905 	 193.786 	 18.08
49300 	 188.905 	 193.447 	 18.08
49400 	 188.905 	 192.371 	 18.28
49500 	 188.905 	 2766.56 	 18.32
49600 	 188.905 	 52752.3 	 18.08
49700 	 188.905 	 200.556 	 18.08
49800 	 188.905 	 193.201 	 18.16
49900 	 188.905 	 524.96 	 18.12
50000 	 188.905 	 807889 	 18.32
50100 	 188.905 	 437.657 	 18.2
50200 	 188.905 	 228.792 	 18.28
50300 	 188.905 	 194.765 	 18.28
50400 	 188.905 	 192.984 	 18.32
50500 	 188.905 	 193.434 	 18.24
50600 	 188.905 	 210.196 	 18.64
50700 	 188.905 	 193.526 	 18.6
50800 	 188.905 	 201.754 	 18.88
50900 	 188.905 	 1049.86 	 18.6
51000 	 188.905 	 195.687 	 18.72
51100 	 188.905 	 198.731 	 18.68
51200 	 188.905 	 195.15 	 18.72
51300 	 188.905 	 193.361 	 18.8
51400 	 188.905 	 204.844 	 18.84
51500 	 188.905 	 193.136 	 18.72
51600 	 188.905 	 192.095 	 18.68
51700 	 188.905 	 324.217 	 18.84
51800 	 188.905 	 392.849 	 18.72
51900 	 188.905 	 213.095 	 18.48
52000 	 188.905 	 1017.55 	 18.48
52100 	 188.905 	 275.32 	 18.6
52200 	 188.905 	 478.604 	 18.48
52300 	 188.905 	 193.908 	 18.48
52400 	 188.905 	 220.076 	 18.52
52500 	 188.905 	 197.102 	 18.6
52600 	 188.905 	 20771.1 	 18.92
52700 	 188.905 	 11873.6 	 18.52
52800 	 188.905 	 1983.93 	 18.6
52900 	 188.905 	 194.079 	 18.6
53000 	 188.905 	 196.847 	 18.36
53100 	 188.905 	 4573.03 	 18.44
53200 	 188.905 	 192.356 	 18.44
53300 	 178.115 	 194.758 	 18.4
53400 	 178.115 	 1051.23 	 18.48
53500 	 178.115 	 206954 	 18.48
53600 	 178.115 	 202.044 	 18.64
53700 	 178.115 	 195.543 	 18.76
53800 	 178.115 	 223.943 	 18.64
53900 	 178.115 	 213.605 	 18.96
54000 	 178.115 	 192.604 	 18.64
54100 	 178.115 	 208.656 	 18.56
54200 	 178.115 	 192.435 	 18.64
54300 	 178.115 	 203.411 	 18.8
54400 	 178.115 	 801.316 	 18.72
54500 	 178.115 	 247.793 	 18.8
54600 	 178.115 	 195.268 	 18.6
54700 	 178.115 	 224.514 	 18.96
54800 	 178.115 	 248.301 	 19
54900 	 178.115 	 191.609 	 18.8
55000 	 178.115 	 192.599 	 18.92
55100 	 178.115 	 258.275 	 19
55200 	 178.115 	 196.976 	 19.04
55300 	 178.115 	 389.164 	 19.2
55400 	 178.115 	 196.19 	 19.08
55500 	 178.115 	 190.845 	 19.04
55600 	 178.115 	 192.649 	 19.12
55700 	 178.115 	 194.324 	 19.12
55800 	 178.115 	 410.674 	 19.24
55900 	 178.115 	 192.134 	 18.96
56000 	 178.115 	 193.365 	 18.92
56100 	 178.115 	 222.017 	 18.92
56200 	 178.115 	 239.645 	 18.88
56300 	 178.115 	 274.992 	 19.12
56400 	 178.115 	 224.103 	 19
56500 	 178.115 	 777.043 	 19.24
56600 	 178.115 	 204.141 	 18.92
56700 	 178.115 	 243.39 	 19
56800 	 178.115 	 202.352 	 19
56900 	 178.115 	 192.303 	 19
57000 	 178.115 	 198.693 	 19
57100 	 178.115 	 215.362 	 19
57200 	 178.115 	 199.732 	 18.92
57300 	 178.115 	 542.051 	 19
57400 	 178.115 	 193.513 	 19
57500 	 178.115 	 217623 	 18.96
57600 	 178.115 	 193.903 	 19.04
57700 	 178.115 	 204.567 	 19
57800 	 178.115 	 58093.9 	 19.08
57900 	 178.115 	 192.399 	 19
58000 	 178.115 	 340.125 	 19.08
58100 	 178.115 	 239.753 	 19.08
58200 	 178.115 	 3283.89 	 19.04
58300 	 178.115 	 199.091 	 19.04
58400 	 178.115 	 193.908 	 19.28
58500 	 178.115 	 448.997 	 19.48
58600 	 178.115 	 3093.08 	 19.24
58700 	 178.115 	 191.431 	 19.24
58800 	 178.115 	 191.142 	 19.16
58900 	 178.115 	 213.767 	 19.16
59000 	 178.115 	 191.577 	 19.4
59100 	 178.115 	 266.068 	 19.24
59200 	 178.115 	 4819.09 	 19.2
59300 	 178.115 	 191.379 	 19.28
59400 	 178.115 	 191.33 	 19.08
59500 	 178.115 	 193.003 	 19.04
59600 	 178.115 	 198.742 	 19.12
59700 	 178.115 	 214.984 	 19.08
59800 	 178.115 	 428.399 	 19.08
59900 	 178.115 	 191.937 	 19.12
60000 	 178.115 	 218.248 	 19.24
60100 	 178.115 	 217.843 	 19.28
60200 	 178.115 	 1845.25 	 19.36
60300 	 178.115 	 190.891 	 19.6
60400 	 178.115 	 840.444 	 19.32
60500 	 178.115 	 201.94 	 19.24
60600 	 178.115 	 190.744 	 19.28
60700 	 178.115 	 190.697 	 19.12
60800 	 178.115 	 193.934 	 19.32
60900 	 178.115 	 196.399 	 19.24
61000 	 178.115 	 244.051 	 19.24
61100 	 178.115 	 191.36 	 19.24
61200 	 178.115 	 213.037 	 19.28
61300 	 178.115 	 218.016 	 19.24
61400 	 178.115 	 1733.69 	 19.32
61500 	 178.115 	 223.189 	 19.08
61600 	 178.115 	 194.74 	 19.16
61700 	 178.115 	 328.064 	 19.12
61800 	 178.115 	 191.06 	 19.24
61900 	 178.115 	 1152.37 	 19.36
62000 	 178.115 	 191.368 	 19.16
62100 	 178.115 	 192.468 	 19.2
62200 	 178.115 	 1248.33 	 19.44
62300 	 178.115 	 344.716 	 19.24
62400 	 178.115 	 397.448 	 19.28
62500 	 178.115 	 392.117 	 19.24
62600 	 178.115 	 8229.17 	 19.2
62700 	 178.115 	 240.488 	 19.36
62800 	 178.115 	 190.528 	 19.32
62900 	 178.115 	 633.332 	 19.36
63000 	 178.115 	 270.176 	 19.4
63100 	 178.115 	 357.981 	 19.36
63200 	 178.115 	 285.009 	 19.28
63300 	 178.115 	 191.457 	 19.2
63400 	 178.115 	 73230.7 	 19.56
63500 	 178.115 	 256.959 	 19.64
63600 	 178.115 	 192.293 	 19.52
63700 	 178.115 	 280.317 	 19.4
63800 	 178.115 	 223.558 	 19.52
63900 	 178.115 	 464.917 	 19.48
64000 	 178.115 	 193.09 	 19.6
64100 	 178.115 	 1.4251e+06 	 19.56
64200 	 178.115 	 193.623 	 19.36
64300 	 178.115 	 193.126 	 19.44
64400 	 178.115 	 197.581 	 19.36
64500 	 178.115 	 190.398 	 19.4
64600 	 178.115 	 436.77 	 19.56
64700 	 178.115 	 200.417 	 19.32
64800 	 178.115 	 218.492 	 19.12
64900 	 178.115 	 216.384 	 19.2
65000 	 178.115 	 191.197 	 19.28
65100 	 163.086 	 192.679 	 19.64
65200 	 163.086 	 191.921 	 19.36
65300 	 163.086 	 262.698 	 19.56
65400 	 163.086 	 191.05 	 19.64
65500 	 163.086 	 192.509 	 19.4
65600 	 163.086 	 195.003 	 19.8
65700 	 163.086 	 191.787 	 19.28
65800 	 163.086 	 203.359 	 19.2
65900 	 163.086 	 195.474 	 19.32
66000 	 163.086 	 193.963 	 19.68
66100 	 163.086 	 193.503 	 19.24
66200 	 163.086 	 192.886 	 19.88
66300 	 163.086 	 5837.37 	 20.08
66400 	 163.086 	 215.857 	 19.96
66500 	 163.086 	 209.682 	 19.96
66600 	 163.086 	 207.366 	 19.96
66700 	 163.086 	 190.671 	 19.92
66800 	 163.086 	 195.149 	 20.08
66900 	 163.086 	 216.937 	 20.04
67000 	 163.086 	 200.497 	 20.32
67100 	 163.086 	 191.67 	 20.08
67200 	 163.086 	 890.184 	 20
67300 	 163.086 	 192.408 	 19.96
67400 	 163.086 	 192.39 	 20.28
67500 	 163.086 	 392.595 	 20.16
67600 	 163.086 	 193.859 	 20.36
67700 	 163.086 	 190.344 	 20.32
67800 	 163.086 	 198.467 	 20.16
67900 	 163.086 	 1367.14 	 20.4
68000 	 163.086 	 203.339 	 20.28
68100 	 163.086 	 328.715 	 20.2
68200 	 163.086 	 1882.74 	 20.44
68300 	 163.086 	 341.695 	 20.52
68400 	 163.086 	 264.121 	 20.28
68500 	 163.086 	 276.229 	 20.56
68600 	 163.086 	 6804.89 	 20.4
68700 	 163.086 	 729.473 	 20.4
68800 	 163.086 	 275.747 	 20.36
68900 	 163.086 	 136947 	 20.56
69000 	 163.086 	 468.473 	 20.56
69100 	 163.086 	 212.726 	 20.44
69200 	 163.086 	 235.737 	 20.52
69300 	 163.086 	 190.162 	 20.72
69400 	 163.086 	 191.581 	 20.44
69500 	 163.086 	 194.264 	 20.48
69600 	 163.086 	 190.698 	 20.44
69700 	 163.086 	 970.654 	 20.36
69800 	 163.086 	 195.502 	 20.32
69900 	 163.086 	 195.639 	 20.56
70000 	 163.086 	 234.135 	 20.28
70100 	 163.086 	 277.554 	 20.2
70200 	 163.086 	 205.349 	 20.6
70300 	 163.086 	 268.255 	 20.48
70400 	 163.086 	 204.362 	 20.64
70500 	 163.086 	 205.161 	 20.84
70600 	 163.086 	 189.861 	 20.8
70700 	 163.086 	 227.051 	 20.76
70800 	 163.086 	 224.429 	 21
70900 	 163.086 	 192.373 	 20.84
71000 	 163.086 	 248.424 	 21
71100 	 163.086 	 131795 	 20.8
71200 	 163.086 	 195.115 	 21.08
71300 	 163.086 	 199.249 	 21.12
71400 	 163.086 	 280.283 	 20.8
71500 	 163.086 	 1905.14 	 21
71600 	 163.086 	 1993.09 	 20.96
71700 	 163.086 	 222.882 	 21.08
71800 	 163.086 	 199.598 	 20.8
71900 	 163.086 	 216.194 	 21
72000 	 163.086 	 12660 	 21.2
72100 	 163.086 	 126877 	 21.16
72200 	 163.086 	 447.987 	 21.4
72300 	 163.086 	 200.904 	 21.32
72400 	 163.086 	 306.055 	 21.2
72500 	 163.086 	 211.187 	 21.28
72600 	 163.086 	 205.715 	 21.32
72700 	 163.086 	 188.6 	 21.12
72800 	 163.086 	 191.065 	 21.12
72900 	 163.086 	 268.905 	 21.16
73000 	 163.086 	 191.171 	 21.32
73100 	 163.086 	 178256 	 21.32
73200 	 163.086 	 204.155 	 21.64
73300 	 163.086 	 213.888 	 21.52
73400 	 163.086 	 16486.8 	 21.04
73500 	 163.086 	 6.53264e+07 	 21.32
73600 	 163.086 	 191.802 	 21.28
73700 	 163.086 	 276.734 	 21.2
73800 	 163.086 	 213.16 	 21.12
73900 	 163.086 	 197.546 	 21.16
74000 	 163.086 	 1648.93 	 21.24
74100 	 163.086 	 197.905 	 21.04
74200 	 163.086 	 193.392 	 20.92
74300 	 163.086 	 189.543 	 20.92
74400 	 163.086 	 213.886 	 20.92
74500 	 163.086 	 718.952 	 21.12
74600 	 163.086 	 222.967 	 21.08
74700 	 163.086 	 191.922 	 21.04
74800 	 163.086 	 190.409 	 21.32
74900 	 163.086 	 61799.4 	 20.96
75000 	 163.086 	 4032.58 	 20.68
75100 	 163.086 	 189.799 	 20.6
75200 	 163.086 	 251.106 	 20.8
75300 	 163.086 	 189.125 	 20.68
75400 	 163.086 	 32923.7 	 20.96
75500 	 163.086 	 217.067 	 20.8
75600 	 163.086 	 189.147 	 20.88
75700 	 163.086 	 259.742 	 20.88
75800 	 163.086 	 191.704 	 20.76
75900 	 163.086 	 204.194 	 20.84
76000 	 163.086 	 208.011 	 21.08
76100 	 163.086 	 189.3 	 21.04
76200 	 163.086 	 189.481 	 20.84
76300 	 163.086 	 188.302 	 20.72
76400 	 163.086 	 189.817 	 20.72
76500 	 163.086 	 29465.8 	 20.88
76600 	 163.086 	 193.536 	 20.92
76700 	 163.086 	 256.033 	 20.84
76800 	 163.086 	 207.101 	 20.64
76900 	 163.086 	 192.764 	 21
77000 	 163.086 	 592886 	 21.24
77100 	 163.086 	 192.827 	 21.04
77200 	 163.086 	 26731.7 	 21.28
77300 	 163.086 	 207.584 	 21.2
77400 	 163.086 	 198.713 	 21
77500 	 163.086 	 854.356 	 21.44
77600 	 163.086 	 194.8 	 21
77700 	 163.086 	 190.53 	 21
77800 	 163.086 	 227.561 	 21
77900 	 163.086 	 193.135 	 21.08
78000 	 163.086 	 213.402 	 21.2
78100 	 163.086 	 230.988 	 21.2
78200 	 163.086 	 189.747 	 21.16
78300 	 163.086 	 195.819 	 21.12
78400 	 163.086 	 198.39 	 21.52
78500 	 163.086 	 191.244 	 21.12
78600 	 163.086 	 248.77 	 21.08
78700 	 163.086 	 196.67 	 21
78800 	 163.086 	 196.359 	 21.08
78900 	 163.086 	 1806.04 	 21.2
79000 	 163.086 	 191.949 	 21.2
79100 	 163.086 	 193.945 	 21.12
79200 	 163.086 	 188.686 	 21.16
79300 	 163.086 	 2646.37 	 21.32
79400 	 163.086 	 189.429 	 21.28
79500 	 163.086 	 26404 	 21.2
79600 	 163.086 	 2.11899e+07 	 21.44
79700 	 163.086 	 191.477 	 21.16
79800 	 163.086 	 189.17 	 21.28
79900 	 163.086 	 364.633 	 21.24
80000 	 163.086 	 369.921 	 21.08
80100 	 163.086 	 196.072 	 21.24
80200 	 163.086 	 190.412 	 21.72
80300 	 163.086 	 256.947 	 21.48
80400 	 163.086 	 4119.02 	 21.76
80500 	 163.086 	 190.676 	 21.64
80600 	 163.086 	 204.553 	 21.6
80700 	 163.086 	 232.278 	 21.64
80800 	 163.086 	 188.537 	 21.6
80900 	 163.086 	 205.793 	 21.64
81000 	 163.086 	 249.681 	 21.52
81100 	 163.086 	 473.837 	 22.08
81200 	 163.086 	 195.002 	 21.64
81300 	 163.086 	 215.918 	 21.52
81400 	 163.086 	 272.323 	 21.56
81500 	 163.086 	 24699.6 	 21.52
81600 	 163.086 	 924.573 	 21.76
81700 	 163.086 	 193.486 	 21.56
81800 	 163.086 	 190.497 	 21.64
81900 	 163.086 	 455.207 	 21.56
82000 	 163.086 	 1.65261e+06 	 21.72
82100 	 163.086 	 18621 	 21.64
82200 	 163.086 	 205.468 	 21.68
82300 	 163.086 	 1323.91 	 21.44
82400 	 163.086 	 189.02 	 21.32
82500 	 163.086 	 190.724 	 21.52
82600 	 163.086 	 238.689 	 21.96
82700 	 163.086 	 187.744 	 22.16
82800 	 163.086 	 250.765 	 22.28
82900 	 163.086 	 424.539 	 22.32
83000 	 163.086 	 235.587 	 22.36
83100 	 147.346 	 326.163 	 22.8
83200 	 147.346 	 188.83 	 22.56
83300 	 147.346 	 23891.7 	 22.56
83400 	 147.346 	 390.064 	 22.64
83500 	 147.346 	 11538.9 	 22.68
83600 	 147.346 	 294.177 	 22.56
83700 	 147.346 	 187.841 	 22.76
83800 	 147.346 	 188.177 	 22.6
83900 	 147.346 	 192.951 	 22.72
84000 	 147.346 	 189.718 	 22.6
84100 	 147.346 	 192.419 	 22.56
84200 	 147.346 	 60407.7 	 22.88
84300 	 147.346 	 2446.64 	 22.88
84400 	 147.346 	 2005.27 	 22.64
84500 	 147.346 	 192.278 	 22.64
84600 	 147.346 	 13629.2 	 22.84
84700 	 147.346 	 1008.23 	 22.8
84800 	 147.346 	 251.439 	 22.8
84900 	 147.346 	 250.58 	 22.6
85000 	 147.346 	 634.248 	 22.96
85100 	 147.346 	 245.898 	 22.72
85200 	 147.346 	 190.79 	 22.92
85300 	 147.346 	 239559 	 22.64
85400 	 147.346 	 603.074 	 22.64
85500 	 147.346 	 187.747 	 22.56
85600 	 147.346 	 197.81 	 22.68
85700 	 147.346 	 852.977 	 22.64
85800 	 147.346 	 249.814 	 22.56
85900 	 147.346 	 187.695 	 22.56
86000 	 147.346 	 412735 	 22.64
86100 	 147.346 	 21343.1 	 22.76
86200 	 147.346 	 440.888 	 22.64
86300 	 147.346 	 194.405 	 22.6
86400 	 147.346 	 188.891 	 22.68
86500 	 147.346 	 187.662 	 22.72
86600 	 147.346 	 13508.1 	 22.8
86700 	 147.346 	 186.605 	 22.72
86800 	 147.346 	 353.808 	 22.84
86900 	 147.346 	 253.464 	 22.8
87000 	 147.346 	 5471.92 	 22.8
87100 	 147.346 	 199.593 	 22.68
87200 	 147.346 	 87293.4 	 22.76
87300 	 147.346 	 200831 	 23.12
87400 	 147.346 	 187.51 	 23.04
87500 	 147.346 	 431.283 	 22.8
87600 	 147.346 	 275.361 	 22.68
87700 	 147.346 	 538.748 	 22.6
87800 	 147.346 	 188.25 	 22.84
87900 	 147.346 	 644.705 	 23.04
88000 	 147.346 	 2464.24 	 22.88
88100 	 147.346 	 199.72 	 22.8
88200 	 147.346 	 188.383 	 22.8
88300 	 147.346 	 302.99 	 23.44
88400 	 147.346 	 15705 	 22.88
88500 	 147.346 	 399.215 	 22.92
88600 	 147.346 	 328.627 	 23.04
88700 	 147.346 	 393.73 	 23.08
88800 	 147.346 	 787.321 	 23.28
88900 	 147.346 	 28666.8 	 23.52
89000 	 147.346 	 16014.8 	 23.24
89100 	 147.346 	 728.741 	 23.12
89200 	 147.346 	 4.94545e+08 	 23.36
89300 	 147.346 	 211.573 	 23.28
89400 	 147.346 	 208.224 	 23.08
89500 	 147.346 	 4.25447e+06 	 23.16
89600 	 147.346 	 293.163 	 23.2
89700 	 147.346 	 211.409 	 23.16
89800 	 147.346 	 578.68 	 23.12
89900 	 147.346 	 218.412 	 23.2
90000 	 147.346 	 226.597 	 23.12
90100 	 147.346 	 265.797 	 23.12
90200 	 147.346 	 196.87 	 23.08
90300 	 147.346 	 199.325 	 23.12
90400 	 147.346 	 3635.43 	 23.24
90500 	 147.346 	 242.341 	 23.2
90600 	 147.346 	 186.733 	 23.2
90700 	 147.346 	 190.97 	 23.08
90800 	 147.346 	 209.236 	 23.2
90900 	 147.346 	 2631.28 	 23.08
91000 	 147.346 	 239.335 	 23.36
91100 	 147.346 	 186.109 	 23.08
91200 	 147.346 	 4685.25 	 23.16
91300 	 147.346 	 2.76007e+07 	 23.44
91400 	 147.346 	 187.721 	 23.16
91500 	 147.346 	 2590.65 	 23.28
91600 	 147.346 	 186.995 	 23.16
91700 	 147.346 	 274.781 	 23.2
91800 	 147.346 	 4545.13 	 23.24
91900 	 147.346 	 206.715 	 23.16
92000 	 147.346 	 246.851 	 23.88
92100 	 147.346 	 222.414 	 23.56
92200 	 147.346 	 1588.19 	 23.08
92300 	 147.346 	 1042.73 	 23.24
92400 	 147.346 	 186.933 	 23.28
92500 	 147.346 	 625.309 	 23.4
92600 	 147.346 	 188.609 	 23.2
92700 	 147.346 	 188.845 	 23.28
92800 	 147.346 	 185.427 	 23.32
92900 	 147.346 	 207.913 	 23.4
93000 	 147.346 	 188.13 	 23.36
93100 	 147.346 	 186.28 	 23.28
93200 	 147.346 	 193.286 	 23.32
93300 	 147.346 	 193.703 	 23.56
93400 	 147.346 	 194.235 	 23.48
93500 	 147.346 	 205.652 	 23.4
93600 	 147.346 	 195.03 	 23.76
93700 	 147.346 	 227.813 	 23.72
93800 	 147.346 	 188.666 	 23.6
93900 	 147.346 	 187.469 	 23.64
94000 	 147.346 	 7361.56 	 23.96
94100 	 147.346 	 222.97 	 23.8
94200 	 147.346 	 194.257 	 23.96
94300 	 147.346 	 204.144 	 23.68
94400 	 147.346 	 209.726 	 23.52
94500 	 147.346 	 186.21 	 23.6
94600 	 147.346 	 236.068 	 23.72
94700 	 147.346 	 378.59 	 23.64
94800 	 147.346 	 2423.06 	 24
94900 	 147.346 	 187.184 	 23.68
95000 	 147.346 	 40641.6 	 23.64
95100 	 147.346 	 186.505 	 23.8
95200 	 147.346 	 189.782 	 23.92
95300 	 147.346 	 193.842 	 24.08
95400 	 147.346 	 187.342 	 23.96
95500 	 147.346 	 397.86 	 24.04
95600 	 147.346 	 192.371 	 24.56
95700 	 147.346 	 236.071 	 24.52
95800 	 147.346 	 194.449 	 24.6
95900 	 147.346 	 188.554 	 24.56
96000 	 147.346 	 187.3 	 24.6
96100 	 147.346 	 196.772 	 24.56
96200 	 147.346 	 203.006 	 24.72
96300 	 147.346 	 205.076 	 24.68
96400 	 147.346 	 198.525 	 24.72
96500 	 147.346 	 186.48 	 24.52
96600 	 147.346 	 268.177 	 24.44
96700 	 147.346 	 187.331 	 24.52
96800 	 147.346 	 309.009 	 24.8
96900 	 147.346 	 19381.9 	 24.56
97000 	 147.346 	 230.606 	 24.48
97100 	 147.346 	 2515.17 	 24.68
97200 	 147.346 	 286.478 	 24.76
97300 	 147.346 	 192.568 	 24.6
97400 	 147.346 	 189.035 	 24.52
97500 	 147.346 	 189.927 	 24.52
97600 	 147.346 	 960.818 	 24.68
97700 	 147.346 	 208.822 	 24.6
97800 	 147.346 	 187.101 	 24.6
97900 	 147.346 	 650.014 	 24.88
98000 	 147.346 	 519.85 	 24.64
98100 	 147.346 	 249.067 	 24.56
98200 	 147.346 	 292.087 	 24.6
98300 	 147.346 	 483.553 	 24.64
98400 	 147.346 	 185.349 	 24.76
98500 	 147.346 	 204.661 	 24.76
98600 	 147.346 	 188.406 	 24.96
98700 	 147.346 	 189.642 	 24.68
98800 	 147.346 	 263.069 	 24.64
98900 	 147.346 	 185.275 	 24.72
99000 	 147.346 	 6478.17 	 24.64
99100 	 147.346 	 3749.71 	 25.24
99200 	 147.346 	 184.917 	 24.84
99300 	 147.346 	 233.067 	 24.84
99400 	 147.346 	 251.51 	 24.84
99500 	 147.346 	 205.449 	 25.16
99600 	 147.346 	 193.512 	 25.12
99700 	 147.346 	 190.314 	 24.96
99800 	 147.346 	 10102.5 	 25.08
99900 	 147.346 	 195.716 	 25.16
100000 	 124.434 	 188.99 	 25.6
jenny@jenny-G50VT ~/docu/572/b $ 

