popu[97] dep: 1
popu[98] dep: 2
popu[99] dep: 2
Population Information: 
min:198.389
avg:1.01717e+06
avgSize:9.44
200 	 198.108 	 198.377 	 5.32
400 	 197.462 	 200.893 	 6.56
600 	 195.818 	 201.741 	 8.38
800 	 195.818 	 199.722 	 9.6
1000 	 194.444 	 214.216 	 10.44
1200 	 194.444 	 263.512 	 10.72
1400 	 194.444 	 224.159 	 11.48
1600 	 194.444 	 198.883 	 11.88
1800 	 194.444 	 198.236 	 11.52
2000 	 194.444 	 199.035 	 12.06
2200 	 194.441 	 202.193 	 12.9
2400 	 174.208 	 197.646 	 13.94
2600 	 174.208 	 197.592 	 14.18
2800 	 174.208 	 222.268 	 14.32
3000 	 174.208 	 199.806 	 15.22
3200 	 174.208 	 223.491 	 16.16
3400 	 174.208 	 197.473 	 17.06
3600 	 174.208 	 1399.68 	 17.24
3800 	 174.208 	 197.345 	 17.1
4000 	 174.208 	 197.473 	 17.32
4200 	 174.208 	 196.593 	 17.88
4400 	 174.208 	 198.648 	 17.82
4600 	 174.208 	 201.397 	 18.5
4800 	 174.208 	 268.123 	 19.52
5000 	 174.208 	 198.364 	 20.28
5200 	 174.208 	 198.196 	 21.38
5400 	 174.208 	 1050.49 	 21.78
5600 	 174.208 	 198.107 	 22.16
5800 	 174.208 	 13419 	 22.6
6000 	 174.208 	 257.241 	 22.68
6200 	 174.208 	 196.51 	 22.64
6400 	 174.208 	 197.884 	 22.44
6600 	 174.208 	 195.863 	 22.44
6800 	 174.208 	 196.871 	 22.9
7000 	 174.208 	 198.663 	 23
7200 	 174.208 	 216.231 	 22.92
7400 	 174.208 	 312.23 	 23.22
7600 	 174.208 	 224.592 	 23.32
7800 	 174.208 	 197.853 	 23.58
8000 	 174.208 	 306.047 	 23.56
8200 	 174.208 	 428.591 	 24.14
8400 	 174.208 	 209.679 	 24.14
8600 	 174.208 	 241.287 	 24.72
8800 	 174.208 	 195.513 	 24.8
9000 	 174.208 	 196.74 	 25.2
9200 	 168.426 	 226.015 	 25.06
9400 	 168.426 	 204.862 	 25.26
9600 	 165.519 	 194.379 	 26.18
9800 	 163.791 	 531.505 	 26.86
10000 	 162.39 	 192.97 	 27.38
10200 	 162.39 	 193.574 	 28.4
10400 	 162.39 	 192.29 	 28.76
10600 	 162.39 	 192.811 	 29.36
10800 	 159.433 	 196.747 	 29.44
11000 	 159.433 	 977.746 	 31.16
11200 	 159.433 	 22157.8 	 32.02
11400 	 159.433 	 190.254 	 32.1
11600 	 159.433 	 189.605 	 31.88
11800 	 159.433 	 195.314 	 32.74
12000 	 159.433 	 196.215 	 34.02
12200 	 159.433 	 187.458 	 33.68
12400 	 159.433 	 187.08 	 33.44
12600 	 159.433 	 201.755 	 34.98
12800 	 159.433 	 185.767 	 35.08
13000 	 159.433 	 185.299 	 35.06
13200 	 159.433 	 2323.26 	 36.1
13400 	 159.433 	 265.254 	 36.92
13600 	 155.173 	 220.243 	 37.88
13800 	 155.173 	 1675.7 	 38.54
14000 	 155.173 	 241.092 	 38.62
14200 	 155.173 	 315.214 	 40.74
14400 	 155.173 	 222.484 	 41.16
14600 	 151.527 	 183.875 	 40.98
14800 	 151.527 	 181.237 	 40.86
15000 	 151.527 	 571.801 	 41.48
15200 	 151.527 	 182.306 	 41.46
15400 	 151.527 	 180.47 	 41.64
15600 	 151.527 	 235.691 	 41.84
15800 	 142.079 	 438.59 	 41.66
16000 	 142.079 	 227.632 	 41.42
16200 	 142.079 	 178.54 	 41.94
16400 	 142.079 	 177.552 	 41.74
16600 	 142.079 	 240.1 	 41.64
16800 	 142.079 	 175.864 	 41.7
17000 	 142.079 	 246.481 	 42.02
17200 	 142.079 	 237.509 	 41.62
17400 	 142.079 	 174.116 	 41.38
17600 	 142.079 	 186.329 	 41.34
17800 	 142.079 	 173.631 	 40.6
18000 	 142.079 	 5688.08 	 40.8
18200 	 142.079 	 172.82 	 40.74
18400 	 142.079 	 172.545 	 40.48
18600 	 142.079 	 175.918 	 40.16
18800 	 142.079 	 202.221 	 40.44
19000 	 142.079 	 173.748 	 40.48
19200 	 140.096 	 174.025 	 40.06
19400 	 140.096 	 170.06 	 40.44
19600 	 140.096 	 240.008 	 40.02
19800 	 140.096 	 174.999 	 40.26
20000 	 140.096 	 253.431 	 40.44
20200 	 140.096 	 175.693 	 40.82
20400 	 137.551 	 168.962 	 39.96
20600 	 137.551 	 207.936 	 39.58
20800 	 137.551 	 168.407 	 39.38
21000 	 137.551 	 176.293 	 38.5
21200 	 137.551 	 171.55 	 38.94
21400 	 137.551 	 207.226 	 38.74
21600 	 137.551 	 171.26 	 39.08
21800 	 137.551 	 225.352 	 39.5
22000 	 137.551 	 166.582 	 39.96
22200 	 137.551 	 191.198 	 40.64
22400 	 137.551 	 167.77 	 39.94
22600 	 137.551 	 172.748 	 40.2
22800 	 137.551 	 245.591 	 40.26
23000 	 137.551 	 168.505 	 39.68
23200 	 137.551 	 334.042 	 40.04
23400 	 137.551 	 170.312 	 40.06
23600 	 137.551 	 207.335 	 39.84
23800 	 137.551 	 166.334 	 39.98
24000 	 137.551 	 166.395 	 40.12
24200 	 137.551 	 188.897 	 39.18
24400 	 137.551 	 165.961 	 39.08
24600 	 137.551 	 162.676 	 38.44
24800 	 137.551 	 165.481 	 38.62
25000 	 137.551 	 193.128 	 39.2
25200 	 137.551 	 162.788 	 39.78
25400 	 137.551 	 179.913 	 39.46
25600 	 137.551 	 6080.88 	 40.32
25800 	 137.551 	 163.494 	 40.22
26000 	 137.551 	 164.481 	 40.04
26200 	 137.551 	 269.425 	 39.98
26400 	 137.551 	 168.765 	 40.02
26600 	 137.551 	 960.057 	 39.7
26800 	 137.551 	 163.856 	 39.94
27000 	 137.551 	 160.835 	 39.88
27200 	 137.551 	 1645.41 	 39.82
27400 	 137.551 	 404.674 	 40.36
27600 	 137.551 	 162.047 	 40.66
27800 	 137.551 	 310.777 	 40.84
28000 	 137.551 	 229.62 	 40.76
28200 	 137.551 	 161.545 	 40.88
28400 	 137.551 	 367.903 	 40.82
28600 	 137.551 	 318.004 	 40.98
28800 	 137.551 	 161.073 	 41.5
29000 	 137.551 	 335.857 	 41.04
29200 	 137.551 	 499.596 	 40.88
29400 	 137.551 	 175.773 	 41
29600 	 137.551 	 806.744 	 40.66
29800 	 137.551 	 158.019 	 39.86
30000 	 137.551 	 225.618 	 40.04
30200 	 137.551 	 157.014 	 39.64
30400 	 137.551 	 156.928 	 39.88
30600 	 137.551 	 204.723 	 40.54
30800 	 137.551 	 158.21 	 40.3
31000 	 137.551 	 194.01 	 40.46
31200 	 137.551 	 195.835 	 40.44
31400 	 137.551 	 165.604 	 40.32
31600 	 137.551 	 188.043 	 40.22
31800 	 137.551 	 157.905 	 39.92
32000 	 137.551 	 223.341 	 40.52
32200 	 137.551 	 158.149 	 40.52
32400 	 137.551 	 219.152 	 41
32600 	 137.551 	 165.201 	 40.58
32800 	 137.551 	 187.781 	 40.54
33000 	 137.551 	 156.023 	 40.5
33200 	 137.551 	 179.188 	 40.94
33400 	 137.551 	 246.8 	 41.14
33600 	 137.551 	 170.741 	 41.14
33800 	 137.551 	 177.982 	 40.76
34000 	 137.551 	 285.298 	 41.24
34200 	 137.551 	 3308.05 	 41.24
34400 	 137.551 	 155.235 	 41.56
34600 	 137.551 	 153.921 	 41.52
34800 	 137.551 	 271.376 	 40.94
35000 	 137.551 	 1587.11 	 40.9
35200 	 137.551 	 155.198 	 40.68
35400 	 137.551 	 154.931 	 41.14
35600 	 137.551 	 159.255 	 41.02
35800 	 137.551 	 4124.1 	 40.66
36000 	 137.551 	 154.213 	 41.3
36200 	 137.551 	 154.379 	 41.58
36400 	 137.551 	 273.978 	 41.28
36600 	 137.551 	 186.245 	 41.44
36800 	 137.551 	 155.004 	 41.52
37000 	 137.551 	 152.306 	 42.88
37200 	 137.551 	 179.298 	 42.78
37400 	 137.551 	 195.569 	 42.62
37600 	 137.551 	 280.749 	 43
37800 	 137.551 	 153.376 	 43.78
38000 	 137.551 	 169.471 	 44.38
38200 	 137.551 	 176.888 	 43.74
38400 	 137.551 	 172.155 	 44.1
38600 	 137.551 	 158.466 	 44.02
38800 	 134.055 	 159.671 	 44.16
39000 	 134.055 	 156.042 	 44.2
39200 	 134.055 	 152.355 	 44.12
39400 	 134.055 	 159.933 	 44.04
39600 	 134.055 	 150.99 	 44.38
39800 	 134.055 	 152.101 	 44.6
40000 	 134.055 	 152.004 	 44.24
40200 	 134.055 	 176.17 	 43.98
40400 	 134.055 	 150.228 	 43.82
40600 	 134.055 	 156.661 	 44
40800 	 134.055 	 174.525 	 43.96
41000 	 134.055 	 152.113 	 43.8
41200 	 134.055 	 152.007 	 43.94
41400 	 134.055 	 152.275 	 43.9
41600 	 134.055 	 162.425 	 43.2
41800 	 134.055 	 157.01 	 43.54
42000 	 134.055 	 172.125 	 43.52
42200 	 134.055 	 171.887 	 43.18
42400 	 134.055 	 154.208 	 43.48
42600 	 134.055 	 151.098 	 43.22
42800 	 134.055 	 161.617 	 43.22
43000 	 134.055 	 188.722 	 43.52
43200 	 134.055 	 181.488 	 42.8
43400 	 134.055 	 151.488 	 42.92
43600 	 134.055 	 150.842 	 43.52
43800 	 134.055 	 222.537 	 43.16
44000 	 134.055 	 177.554 	 43.6
44200 	 134.055 	 151.254 	 43.68
44400 	 134.055 	 154.577 	 43.56
44600 	 134.055 	 156.635 	 43.62
44800 	 134.055 	 149.822 	 43.6
45000 	 134.055 	 252.496 	 43.36
45200 	 134.055 	 156.067 	 43.14
45400 	 134.055 	 150.948 	 43.56
45600 	 134.055 	 729.958 	 43.34
45800 	 134.055 	 152.93 	 43.3
46000 	 134.055 	 153.63 	 43.64
46200 	 134.055 	 206.798 	 43.18
46400 	 134.055 	 168.21 	 43.34
46600 	 134.055 	 149.764 	 43.16
46800 	 134.055 	 152.137 	 43.06
47000 	 134.055 	 152.048 	 42.66
47200 	 134.055 	 154.012 	 42.88
47400 	 134.055 	 191.829 	 43.14
47600 	 134.055 	 1472.6 	 42.42
47800 	 134.055 	 149.907 	 42.44
48000 	 134.055 	 154.163 	 42.34
48200 	 134.055 	 245.201 	 42.58
48400 	 134.055 	 150.872 	 42.54
48600 	 134.055 	 151.902 	 42.34
48800 	 134.055 	 166.24 	 42.68
49000 	 134.055 	 150.431 	 42.36
49200 	 134.055 	 149.682 	 42.56
49400 	 134.055 	 158.395 	 42.62
49600 	 134.055 	 349.364 	 42.5
49800 	 134.055 	 150.218 	 42.44
50000 	 134.055 	 148.943 	 42.28
50200 	 134.055 	 167.178 	 42.22
50400 	 134.055 	 206.373 	 42.16
50600 	 134.055 	 6650.15 	 42.34
50800 	 134.055 	 152 	 42.32
51000 	 134.055 	 149.876 	 42.46
51200 	 134.055 	 156.009 	 42.14
51400 	 134.055 	 201.349 	 42.04
51600 	 134.055 	 172.399 	 42.5
51800 	 134.055 	 148.065 	 42.24
52000 	 134.055 	 151.207 	 42.2
52200 	 134.055 	 333.361 	 42.08
52400 	 134.055 	 165.674 	 42.7
52600 	 134.055 	 152.665 	 42.12
52800 	 134.055 	 148.311 	 42.02
53000 	 134.055 	 201.426 	 41.92
53200 	 134.055 	 316.849 	 41.84
53400 	 134.055 	 165.728 	 41.8
53600 	 134.055 	 148.172 	 41.6
53800 	 134.055 	 184.376 	 41.84
54000 	 134.055 	 149.493 	 41.68
54200 	 134.055 	 158.437 	 41.76
54400 	 134.055 	 245.738 	 41.76
54600 	 134.055 	 175.008 	 41.64
54800 	 134.055 	 153.143 	 41.64
55000 	 134.055 	 205.001 	 41.96
55200 	 134.055 	 186.883 	 41.76
55400 	 134.055 	 150.531 	 41.88
55600 	 134.055 	 161.523 	 41.82
55800 	 134.055 	 151.186 	 42.06
56000 	 134.055 	 148.957 	 41.64
56200 	 134.055 	 3153.87 	 41.64
56400 	 134.055 	 155.433 	 42.16
56600 	 134.055 	 169.747 	 41.7
56800 	 134.055 	 150.307 	 41.76
57000 	 134.055 	 147.56 	 42.2
57200 	 134.055 	 148.913 	 41.96
57400 	 134.055 	 150.337 	 42.04
57600 	 134.055 	 159.073 	 42.2
57800 	 134.055 	 154.316 	 42.04
58000 	 134.055 	 156.279 	 41.92
58200 	 134.055 	 4866.8 	 42.32
58400 	 134.055 	 289.08 	 42.16
58600 	 134.055 	 156.091 	 42.3
58800 	 134.055 	 148.394 	 41.96
59000 	 134.055 	 755.321 	 42.34
59200 	 134.055 	 152.08 	 42
59400 	 134.055 	 150.095 	 42.3
59600 	 134.055 	 153.499 	 42
59800 	 134.055 	 774.454 	 42.12
60000 	 134.055 	 147.631 	 41.9
60200 	 134.055 	 149.908 	 42.06
60400 	 134.055 	 147.246 	 41.92
60600 	 134.055 	 149.104 	 42.38
60800 	 134.055 	 198.416 	 42.34
61000 	 134.055 	 171.336 	 42.08
61200 	 134.055 	 149.626 	 42.1
61400 	 134.055 	 240.211 	 42.14
61600 	 134.055 	 174.926 	 42.02
61800 	 134.055 	 148.559 	 41.84
62000 	 134.055 	 149.416 	 42.06
62200 	 134.055 	 155.139 	 41.74
62400 	 134.055 	 146.871 	 42.02
62600 	 134.055 	 160.807 	 42.7
62800 	 134.055 	 150.087 	 42.74
63000 	 134.055 	 306.608 	 42.7
63200 	 134.055 	 148.7 	 42.7
63400 	 134.055 	 148.355 	 42.84
63600 	 134.055 	 176.533 	 42.68
63800 	 134.055 	 153.724 	 43
64000 	 134.055 	 218.249 	 42.98
64200 	 134.055 	 2105.13 	 42.8
64400 	 134.055 	 147.275 	 42.78
64600 	 134.055 	 148.261 	 43.08
64800 	 134.055 	 275.048 	 43.04
65000 	 134.055 	 164.111 	 43.08
65200 	 134.055 	 153.684 	 43.18
65400 	 134.055 	 246.602 	 43.04
65600 	 134.055 	 6746.36 	 42.6
65800 	 134.055 	 147.267 	 42.32
66000 	 134.055 	 581.977 	 42.28
66200 	 134.055 	 172.5 	 42.46
66400 	 134.055 	 153.522 	 42.5
66600 	 134.055 	 15338.5 	 42.2
66800 	 134.055 	 183.81 	 42.14
67000 	 134.055 	 149.404 	 41.94
67200 	 134.055 	 263.684 	 41.94
67400 	 134.055 	 199.351 	 41.78
67600 	 134.055 	 158.171 	 41.76
67800 	 134.055 	 146.685 	 42
68000 	 134.055 	 822.191 	 41.72
68200 	 134.055 	 240.927 	 41.66
68400 	 134.055 	 175.875 	 41.62
68600 	 134.055 	 150.212 	 41.88
68800 	 134.055 	 208.252 	 41.78
69000 	 134.055 	 197.727 	 41.82
69200 	 134.055 	 191.667 	 41.96
69400 	 134.055 	 152.133 	 41.66
69600 	 134.055 	 148.732 	 41.94
69800 	 134.055 	 197.058 	 41.9
70000 	 134.055 	 739.356 	 42.06
70200 	 134.055 	 176.987 	 41.7
70400 	 134.055 	 146.752 	 41.86
70600 	 134.055 	 149.746 	 41.8
70800 	 134.055 	 260.306 	 42.4
71000 	 134.055 	 147.541 	 42.04
71200 	 134.055 	 149.646 	 42.22
71400 	 134.055 	 673.729 	 42.44
71600 	 134.055 	 164.947 	 42.3
71800 	 134.055 	 147.46 	 42.02
72000 	 134.055 	 150.632 	 42.12
72200 	 134.055 	 151.361 	 42.22
72400 	 134.055 	 146.608 	 42
72600 	 134.055 	 154.066 	 42.02
72800 	 134.055 	 146.659 	 42.18
73000 	 134.055 	 159.514 	 42.2
73200 	 134.055 	 148.176 	 42.38
73400 	 134.055 	 146.359 	 42.06
73600 	 134.055 	 148.325 	 41.84
73800 	 134.055 	 761.528 	 41.76
74000 	 134.055 	 165.842 	 41.9
74200 	 134.055 	 196.813 	 41.64
74400 	 134.055 	 149.065 	 41.94
74600 	 134.055 	 153.262 	 41.92
74800 	 134.055 	 150.421 	 41.92
75000 	 134.055 	 149.264 	 41.66
75200 	 134.055 	 148.228 	 41.72
75400 	 134.055 	 3109.75 	 41.98
75600 	 134.055 	 153.457 	 41.68
75800 	 134.055 	 146.594 	 41.9
76000 	 134.055 	 285.997 	 41.76
76200 	 134.055 	 2498.25 	 41.6
76400 	 134.055 	 230.962 	 41.44
76600 	 134.055 	 150.355 	 41.9
76800 	 134.055 	 695559 	 41.74
77000 	 134.055 	 458.562 	 41.52
77200 	 134.055 	 344.464 	 41.46
77400 	 134.055 	 146.406 	 41.64
77600 	 134.055 	 168.118 	 41.52
77800 	 134.055 	 147.299 	 41.46
78000 	 134.055 	 153.743 	 41.74
78200 	 134.055 	 157.302 	 41.64
78400 	 134.055 	 157.5 	 41.5
78600 	 134.055 	 169.989 	 41.6
78800 	 134.055 	 148.083 	 41.56
79000 	 134.055 	 151.395 	 41.64
79200 	 134.055 	 164.94 	 41.44
79400 	 134.055 	 146.448 	 41.24
79600 	 134.055 	 151.458 	 41.42
79800 	 134.055 	 148.019 	 41.2
80000 	 134.055 	 179.206 	 41.2
80200 	 134.055 	 179.705 	 41.22
80400 	 134.055 	 271.182 	 41.48
80600 	 134.055 	 149.247 	 41.22
80800 	 134.055 	 229.211 	 41.54
81000 	 134.055 	 183.717 	 41.24
81200 	 134.055 	 182.766 	 41.3
81400 	 134.055 	 146.552 	 41.42
81600 	 134.055 	 146.488 	 41.44
81800 	 134.055 	 149.3 	 41.72
82000 	 134.055 	 222.617 	 41.56
82200 	 134.055 	 163.437 	 41.52
82400 	 134.055 	 210.093 	 41.48
82600 	 134.055 	 268.067 	 41.76
82800 	 134.055 	 6243.98 	 41.74
83000 	 134.055 	 408.14 	 41.84
83200 	 134.055 	 180.595 	 41.92
83400 	 134.055 	 147.798 	 41.64
83600 	 134.055 	 148.452 	 41.72
83800 	 134.055 	 152.597 	 41.84
84000 	 134.055 	 171.886 	 41.9
84200 	 134.055 	 158.91 	 41.74
84400 	 134.055 	 1326.23 	 41.58
84600 	 134.055 	 178.845 	 41.22
84800 	 134.055 	 283.265 	 41.24
85000 	 134.055 	 300.91 	 41.36
85200 	 134.055 	 191.919 	 41.18
85400 	 134.055 	 152.314 	 41.18
85600 	 134.055 	 212.369 	 41.08
85800 	 134.055 	 147.308 	 40.36
86000 	 134.055 	 145.694 	 40.68
86200 	 134.055 	 148.291 	 39.88
86400 	 134.055 	 162.74 	 39.78
86600 	 134.055 	 146.31 	 39.86
86800 	 134.055 	 146.979 	 40.04
87000 	 134.055 	 148.66 	 39.84
87200 	 134.055 	 145.599 	 39.86
87400 	 134.055 	 907.851 	 40.08
87600 	 134.055 	 146.705 	 39.7
87800 	 134.055 	 169.819 	 39.98
88000 	 134.055 	 1398.56 	 40.02
88200 	 134.055 	 205.569 	 40.04
88400 	 134.055 	 182.495 	 39.78
88600 	 134.055 	 150.266 	 39.82
88800 	 134.055 	 190.827 	 39.84
89000 	 134.055 	 159.765 	 39.7
89200 	 134.055 	 147.519 	 39.94
89400 	 134.055 	 3577.22 	 40.2
89600 	 134.055 	 147.139 	 39.76
89800 	 134.055 	 144.644 	 39.76
90000 	 134.055 	 203.668 	 39.68
90200 	 134.055 	 145.756 	 39.64
90400 	 134.055 	 752.915 	 39.64
90600 	 134.055 	 185.398 	 39.64
90800 	 134.055 	 146.262 	 39.62
91000 	 134.055 	 145.955 	 39.62
91200 	 134.055 	 217.355 	 39.8
91400 	 134.055 	 149.004 	 39.82
91600 	 134.055 	 207.836 	 39.64
91800 	 134.055 	 145.779 	 39.62
92000 	 134.055 	 158.996 	 39.6
92200 	 134.055 	 164.526 	 39.96
92400 	 134.055 	 739.445 	 40.36
92600 	 134.055 	 147.807 	 40.1
92800 	 134.055 	 148.021 	 39.92
93000 	 134.055 	 152.946 	 40.18
93200 	 134.055 	 210.04 	 40.16
93400 	 134.055 	 154.493 	 40.18
93600 	 134.055 	 146.347 	 39.66
93800 	 134.055 	 167.102 	 39.82
94000 	 134.055 	 146.809 	 39.68
94200 	 134.055 	 167.754 	 39.74
94400 	 134.055 	 186.131 	 39.74
94600 	 134.055 	 819694 	 39.64
94800 	 134.055 	 145.273 	 40.28
95000 	 134.055 	 156.11 	 39.84
95200 	 134.055 	 182.878 	 39.82
95400 	 134.055 	 351.108 	 39.46
95600 	 134.055 	 147.469 	 39.26
95800 	 134.055 	 146.875 	 39.3
96000 	 134.055 	 181.616 	 39.26
96200 	 134.055 	 146.965 	 39.22
96400 	 134.055 	 153.142 	 39.44
96600 	 134.055 	 170.127 	 39.22
96800 	 134.055 	 145.152 	 39.24
97000 	 134.055 	 187.1 	 39.3
97200 	 134.055 	 181.714 	 39.14
97400 	 134.055 	 208.754 	 39.1
97600 	 134.055 	 1784.72 	 39.18
97800 	 134.055 	 173.901 	 39.36
98000 	 134.055 	 145.208 	 39.08
98200 	 134.055 	 167.107 	 39.28
98400 	 134.055 	 172.927 	 39.38
98600 	 134.055 	 162.227 	 39.16
98800 	 134.055 	 157.666 	 39.06
99000 	 134.055 	 144.953 	 39.5
99200 	 134.055 	 6472.22 	 39.5
99400 	 134.055 	 149.579 	 39.36
99600 	 134.055 	 144.681 	 39.32
99800 	 134.055 	 194.98 	 39.48
100000 	 134.055 	 146.849 	 39.02
jenny@jenny-G50VT ~/docu/572/b $ mc
\rm *.o *~ a.out
rm: cannot remove ‘*~’: No such file or directory
make: *** [clean] Error 1
jenny@jenny-G50VT ~/docu/572/b $ 

