popu[93] dep: 2
popu[94] dep: 1
popu[95] dep: 1
popu[96] dep: 2
popu[97] dep: 3
popu[98] dep: 3
popu[99] dep: 1
Population Information: 
min:198.147
avg:1.11319e+08
avgSize:9.21
200 	 197.323 	 200.016 	 7.37
400 	 186.081 	 197.771 	 12.69
600 	 186.081 	 197.937 	 13.68
800 	 186.081 	 198.488 	 15.9
1000 	 174.716 	 196.834 	 17.16
1200 	 153.678 	 196.176 	 19.12
1400 	 146.588 	 192.477 	 20.78
1600 	 142.387 	 188.001 	 19.52
1800 	 141.996 	 183.972 	 20.86
2000 	 141.996 	 176.914 	 21.3
2200 	 141.996 	 184.419 	 23.22
2400 	 141.996 	 166.58 	 24.32
2600 	 141.996 	 161.481 	 25.42
2800 	 141.996 	 155.897 	 27.86
3000 	 141.996 	 152.489 	 30.2
3200 	 141.565 	 151.796 	 30.78
3400 	 137.036 	 148.876 	 31.96
3600 	 137.036 	 148.588 	 30.92
3800 	 135.683 	 148.647 	 30.78
4000 	 135.683 	 145.9 	 32.48
4200 	 135.1 	 153.166 	 32.24
4400 	 135.1 	 146.905 	 32.18
4600 	 135.1 	 146.234 	 32.44
4800 	 135.1 	 144.641 	 33.3
5000 	 135.1 	 144.8 	 33.88
5200 	 125.73 	 145.054 	 34.32
5400 	 125.73 	 144.531 	 33.98
5600 	 125.73 	 143.827 	 34.1
5800 	 125.73 	 142.923 	 34.08
6000 	 125.73 	 143.428 	 34.76
6200 	 125.73 	 143.776 	 33.2
6400 	 125.73 	 143.312 	 31.54
6600 	 125.73 	 145.905 	 30.48
6800 	 113.929 	 142.197 	 29.7
7000 	 113.929 	 141.559 	 28.9
7200 	 113.929 	 141.106 	 29.46
7400 	 113.929 	 143.465 	 28.42
7600 	 113.929 	 151.914 	 27.88
7800 	 113.929 	 141.735 	 28.96
8000 	 113.929 	 141.447 	 27.2
8200 	 113.929 	 139.645 	 27.86
8400 	 112.378 	 139.502 	 26.96
8600 	 99.0593 	 141.052 	 26.82
8800 	 99.0593 	 137.992 	 27.76
9000 	 99.0593 	 141.157 	 27.68
9200 	 99.0593 	 147.713 	 27.9
9400 	 99.0593 	 137.129 	 27.92
9600 	 99.0593 	 138.884 	 28.06
9800 	 99.0593 	 137.098 	 28.76
10000 	 99.0593 	 136.251 	 28.8
10200 	 99.0593 	 140.793 	 29.56
10400 	 99.0593 	 136.13 	 29.48
10600 	 99.0593 	 135.148 	 30.32
10800 	 99.0593 	 135.636 	 30.32
11000 	 99.0593 	 134.597 	 31.58
11200 	 99.0593 	 134.903 	 33.08
11400 	 99.0593 	 135.042 	 33.5
11600 	 99.0593 	 134.085 	 33.38
11800 	 99.0593 	 134.1 	 34.24
12000 	 99.0593 	 176.887 	 34.36
12200 	 99.0593 	 133.357 	 34.86
12400 	 99.0593 	 132.068 	 36.76
12600 	 99.0593 	 132.814 	 36.76
12800 	 99.0593 	 131.323 	 36.66
13000 	 99.0593 	 143.454 	 37.72
13200 	 99.0593 	 133.271 	 38.1
13400 	 99.0593 	 132.535 	 39.12
13600 	 99.0593 	 129.356 	 39.64
13800 	 99.0593 	 129.578 	 39.62
14000 	 99.0593 	 129.09 	 41
14200 	 99.0593 	 129.721 	 41.6
14400 	 99.0593 	 142.962 	 41.1
14600 	 99.0593 	 127.837 	 42.1
14800 	 99.0593 	 129.002 	 42.94
15000 	 99.0593 	 133.797 	 43.32
15200 	 99.0593 	 128.795 	 43.26
15400 	 99.0593 	 145.94 	 43.98
15600 	 99.0593 	 148.575 	 44.52
15800 	 99.0593 	 131.471 	 44.84
16000 	 99.0593 	 125.489 	 46.66
16200 	 99.0593 	 125.306 	 45.98
16400 	 99.0593 	 125.669 	 46
16600 	 99.0593 	 124.805 	 46.5
16800 	 99.0593 	 124.98 	 47.18
17000 	 99.0593 	 125.169 	 47.52
17200 	 99.0593 	 124.538 	 47.92
17400 	 99.0593 	 124.173 	 48.64
17600 	 98.1349 	 136.088 	 48.96
17800 	 98.1349 	 121.867 	 50.08
18000 	 98.1349 	 122.82 	 49.86
18200 	 98.1349 	 137.421 	 49.64
18400 	 98.1349 	 123.036 	 50.62
18600 	 98.1349 	 121.678 	 50.66
18800 	 98.1349 	 121.868 	 51.04
19000 	 98.1349 	 183.779 	 50.78
19200 	 92.1853 	 165.638 	 52.08
19400 	 92.1853 	 120.496 	 52.14
19600 	 92.1853 	 119.198 	 52.02
19800 	 92.1853 	 117.796 	 51.62
20000 	 92.1853 	 117.973 	 51.8
20200 	 92.1853 	 116.507 	 52.36
20400 	 92.1853 	 131.05 	 52.32
20600 	 92.1853 	 119.712 	 52.52
20800 	 92.1853 	 123.7 	 52.9
21000 	 92.1853 	 116.688 	 53.24
21200 	 92.1853 	 120.158 	 53.3
21400 	 92.1853 	 115.807 	 53.96
21600 	 92.1853 	 118.761 	 53.98
21800 	 92.1853 	 114.969 	 53.98
22000 	 92.1853 	 113.928 	 53.02
22200 	 92.1853 	 115.781 	 53.2
22400 	 92.1853 	 121.279 	 52.06
22600 	 92.1853 	 159.107 	 52.2
22800 	 92.1853 	 127.741 	 52.08
23000 	 92.1853 	 115.365 	 51.94
23200 	 92.1853 	 119.125 	 51.56
23400 	 92.1853 	 117.772 	 51.58
23600 	 92.1853 	 113.236 	 51.74
23800 	 92.1853 	 159.425 	 51.28
24000 	 92.1853 	 112.939 	 51.3
24200 	 92.1853 	 113.117 	 51.3
24400 	 92.1853 	 119.65 	 51.4
24600 	 92.1853 	 113.318 	 50.72
24800 	 92.1853 	 118.486 	 51.82
25000 	 92.1853 	 116.358 	 51.42
25200 	 92.1853 	 112.691 	 51.16
25400 	 92.1853 	 111.67 	 50.24
25600 	 92.1853 	 130.805 	 50.32
25800 	 92.1853 	 113.039 	 50.36
26000 	 92.1853 	 111.408 	 49.18
26200 	 92.1853 	 112.571 	 48.48
26400 	 92.1853 	 113.726 	 48.34
26600 	 92.1853 	 117.288 	 48.2
26800 	 92.1853 	 118.184 	 49.04
27000 	 92.1853 	 116.338 	 48.3
27200 	 92.1853 	 155.998 	 48.14
27400 	 92.1853 	 114.172 	 48.42
27600 	 92.1853 	 111.309 	 48.24
27800 	 92.1853 	 111.761 	 47.72
28000 	 92.1853 	 125.963 	 47.22
28200 	 92.1853 	 110.549 	 46.44
28400 	 92.1853 	 109.368 	 45.78
28600 	 92.1853 	 109.799 	 45.66
28800 	 92.1853 	 112.085 	 45.58
29000 	 92.1853 	 125.528 	 45.72
29200 	 92.1853 	 114.012 	 45.68
29400 	 92.1853 	 109.586 	 45.7
29600 	 92.1853 	 108.88 	 45.78
29800 	 92.1853 	 109.156 	 45.1
30000 	 92.1853 	 108.484 	 45.14
30200 	 92.1853 	 108.91 	 45.48
30400 	 92.1853 	 112.899 	 45.52
30600 	 92.1853 	 108.391 	 45.74
30800 	 92.1853 	 110.451 	 45.84
31000 	 92.1853 	 108.229 	 46.48
31200 	 92.1853 	 109.578 	 46.84
31400 	 92.1853 	 106.701 	 46.9
31600 	 92.1853 	 107.02 	 47.14
31800 	 92.1853 	 106.719 	 46.96
32000 	 92.1853 	 105.559 	 47.1
32200 	 92.1853 	 108.806 	 47.64
32400 	 92.1853 	 111.539 	 47.2
32600 	 92.1853 	 106.873 	 47.48
32800 	 92.1853 	 108.374 	 46.62
33000 	 92.1853 	 118.604 	 46.9
33200 	 92.1853 	 107.398 	 46.94
33400 	 92.1853 	 108.071 	 47.38
33600 	 92.1853 	 118.312 	 47.1
33800 	 92.1853 	 121.623 	 48.1
34000 	 92.1853 	 107.886 	 49.04
34200 	 92.1853 	 110.138 	 48.68
34400 	 92.1853 	 109.491 	 49.54
34600 	 92.1853 	 105.504 	 49.24
34800 	 92.1853 	 110.16 	 49.18
35000 	 92.1853 	 105.822 	 49.9
35200 	 92.1853 	 107.6 	 50.18
35400 	 92.1853 	 107.308 	 50.14
35600 	 92.1853 	 119.592 	 50.26
35800 	 92.1853 	 105.826 	 50.88
36000 	 92.1853 	 109.715 	 50.5
36200 	 92.1853 	 105.55 	 51.2
36400 	 92.1853 	 104.513 	 50.34
36600 	 92.1853 	 104.468 	 50.76
36800 	 92.1853 	 108.055 	 50.44
37000 	 92.1853 	 105.478 	 50.66
37200 	 92.1853 	 104.646 	 51.04
37400 	 92.1853 	 106.977 	 51.38
37600 	 92.1853 	 108.662 	 52.06
37800 	 92.1853 	 112.699 	 51.46
38000 	 92.1853 	 109.188 	 51.56
38200 	 92.1853 	 103.994 	 52.08
38400 	 92.1853 	 103.668 	 51.94
38600 	 92.1853 	 105.448 	 51.84
38800 	 92.1853 	 106.722 	 52.46
39000 	 92.1853 	 104.135 	 52.9
39200 	 92.1853 	 120.428 	 52.6
39400 	 92.1853 	 105.901 	 52.62
39600 	 92.1853 	 104.048 	 52.6
39800 	 92.1853 	 107.048 	 52.96
40000 	 92.1853 	 108.685 	 53.3
40200 	 92.1853 	 148.241 	 53.14
40400 	 92.1853 	 104.073 	 52.8
40600 	 92.1853 	 107.326 	 52.82
40800 	 92.1853 	 103.791 	 53.26
41000 	 92.1853 	 104.461 	 52.9
41200 	 92.1853 	 107.814 	 53.24
41400 	 92.1853 	 104.297 	 53.1
41600 	 92.1853 	 105.648 	 52.86
41800 	 92.1853 	 104.072 	 52.52
42000 	 92.1853 	 170.531 	 52.58
42200 	 92.1853 	 104.655 	 52.72
42400 	 92.1853 	 117.592 	 52.58
42600 	 92.1853 	 102.942 	 52.86
42800 	 92.1853 	 105.76 	 52.86
43000 	 92.1853 	 103.299 	 53
43200 	 92.1853 	 104.01 	 52.66
43400 	 92.1853 	 108.611 	 53.94
43600 	 92.1853 	 117.295 	 53.18
43800 	 92.1853 	 103.858 	 53.34
44000 	 92.1853 	 104.566 	 53
44200 	 92.1853 	 103.158 	 52.78
44400 	 92.1853 	 103.01 	 52.46
44600 	 92.1853 	 105.756 	 52.44
44800 	 92.1853 	 103.247 	 52.48
45000 	 92.1853 	 101.506 	 53.06
45200 	 92.1853 	 101.818 	 52.76
45400 	 92.1853 	 102.595 	 52.96
45600 	 92.1853 	 118.394 	 52.86
45800 	 92.1853 	 102.796 	 52.64
46000 	 92.1853 	 117.242 	 52.92
46200 	 92.1853 	 116.041 	 52.92
46400 	 92.1853 	 103.658 	 52.78
46600 	 92.1853 	 112.627 	 52.88
46800 	 92.1853 	 119.968 	 52.58
47000 	 92.1853 	 102.558 	 52.92
47200 	 92.1853 	 106.39 	 52.94
47400 	 92.1853 	 101.868 	 52.8
47600 	 92.1853 	 102.582 	 53.16
47800 	 92.1853 	 106.719 	 53.16
48000 	 92.1853 	 101.318 	 53.12
48200 	 92.1853 	 103.034 	 53.08
48400 	 92.1853 	 102.251 	 52.96
48600 	 92.1853 	 103.963 	 53.08
48800 	 92.1853 	 102.99 	 53.14
49000 	 92.1853 	 101.642 	 52.46
49200 	 92.1853 	 116.365 	 52.54
49400 	 92.1853 	 102.556 	 53.16
49600 	 92.1853 	 109.426 	 53.46
49800 	 92.1853 	 104.46 	 53.18
50000 	 92.1853 	 106.813 	 53.18
50200 	 92.1853 	 115.598 	 52.82
50400 	 92.1853 	 101.434 	 52.9
50600 	 92.1853 	 149.993 	 52.24
50800 	 92.1853 	 103.639 	 52.5
51000 	 92.1853 	 102.738 	 52.58
51200 	 92.1853 	 102.42 	 52.2
51400 	 92.1853 	 102.742 	 52.32
51600 	 92.1853 	 104.782 	 52.18
51800 	 92.1853 	 101.866 	 52.82
52000 	 92.1853 	 108.719 	 52.48
52200 	 92.1853 	 102.439 	 52.36
52400 	 92.1853 	 107.484 	 52.58
52600 	 92.1853 	 101.241 	 52.6
52800 	 92.1853 	 101.039 	 52.5
53000 	 92.1853 	 101.625 	 52.64
53200 	 92.1853 	 100.534 	 52.64
53400 	 92.1853 	 143.712 	 52.26
53600 	 92.1853 	 121.019 	 52.08
53800 	 92.1853 	 101.155 	 51.92
54000 	 92.1853 	 105.873 	 51.68
54200 	 92.1853 	 107.233 	 51.98
54400 	 92.1853 	 105.909 	 52.46
54600 	 92.1853 	 99.7868 	 52.4
54800 	 92.1853 	 102.111 	 52.54
55000 	 92.1853 	 101.167 	 53.1
55200 	 92.1853 	 107.724 	 53.14
55400 	 92.1853 	 106.195 	 52.52
55600 	 92.1853 	 100.363 	 52.98
55800 	 92.1853 	 101.562 	 52.86
56000 	 92.1853 	 105.551 	 52.34
56200 	 92.1853 	 100.978 	 52.44
56400 	 92.1853 	 100.995 	 52.6
56600 	 92.1853 	 100.108 	 52.28
56800 	 92.1853 	 101.06 	 52.48
57000 	 92.1853 	 102.202 	 52.46
57200 	 92.1853 	 116.418 	 53.32
57400 	 92.1853 	 119.485 	 52.82
57600 	 92.1853 	 101.196 	 53.06
57800 	 92.1853 	 99.9685 	 52.84
58000 	 92.1853 	 102.408 	 52.84
58200 	 92.1853 	 100.257 	 53.02
58400 	 92.1853 	 100.847 	 53.08
58600 	 92.1853 	 117.608 	 52.92
58800 	 92.1853 	 99.355 	 52.36
59000 	 92.1853 	 103.001 	 52.16
59200 	 92.1853 	 102.792 	 52.14
59400 	 92.1853 	 101.79 	 52.28
59600 	 92.1853 	 100.471 	 52.32
59800 	 92.1853 	 101.837 	 52.28
60000 	 92.1853 	 99.7768 	 52.54
60200 	 92.1853 	 102.473 	 52.2
60400 	 92.1853 	 116.877 	 52.08
60600 	 92.1853 	 105.355 	 52.12
60800 	 92.1853 	 99.815 	 52.12
61000 	 92.1853 	 102.605 	 52.12
61200 	 92.1853 	 114.229 	 52
61400 	 92.1853 	 107.554 	 52.02
61600 	 92.1853 	 100.494 	 52.6
61800 	 92.1853 	 100.524 	 52.06
62000 	 92.1853 	 101.09 	 52.56
62200 	 92.1853 	 108.03 	 52.5
62400 	 92.1853 	 100.102 	 52.88
62600 	 92.1853 	 102.391 	 52.4
62800 	 92.1853 	 102.898 	 52.38
63000 	 92.1853 	 105.898 	 52.58
63200 	 92.1853 	 103.227 	 52.28
63400 	 92.1853 	 101.105 	 52.64
63600 	 92.1853 	 105.354 	 52.5
63800 	 92.1853 	 106.395 	 52.36
64000 	 92.1853 	 104.357 	 52.34
64200 	 92.1853 	 99.6405 	 52.42
64400 	 92.1853 	 100.786 	 52.78
64600 	 92.1853 	 100.592 	 52.66
64800 	 92.1853 	 113.981 	 52.44
65000 	 92.1853 	 101.555 	 52.64
65200 	 92.1853 	 101.17 	 52.54
65400 	 92.1853 	 100.527 	 52.28
65600 	 92.1853 	 104.265 	 52.28
65800 	 92.1853 	 102.2 	 53.38
66000 	 92.1853 	 99.0827 	 53.16
66200 	 92.1853 	 99.4739 	 53.48
66400 	 92.1853 	 142.698 	 53.02
66600 	 92.1853 	 119.013 	 52.92
66800 	 92.1853 	 101.396 	 53.02
67000 	 92.1853 	 100.458 	 53.28
67200 	 92.1853 	 100.458 	 54.26
67400 	 92.1853 	 99.5219 	 54.38
67600 	 92.1853 	 102.47 	 54.28
67800 	 92.1853 	 100.763 	 53.94
68000 	 92.1853 	 153.152 	 53.96
68200 	 92.1853 	 98.5607 	 54.38
68400 	 92.1853 	 104.339 	 54.34
68600 	 92.1853 	 101.478 	 54
68800 	 92.1853 	 100.491 	 54.32
69000 	 92.1853 	 101.97 	 54.66
69200 	 92.1853 	 101.471 	 54.24
69400 	 91.6944 	 101.254 	 54.72
69600 	 91.6944 	 100.866 	 54.52
69800 	 91.6944 	 100.753 	 54.26
70000 	 91.6944 	 117.506 	 54.32
70200 	 91.6944 	 113.681 	 54.26
70400 	 91.6944 	 103.318 	 54.42
70600 	 91.6944 	 118.618 	 54.26
70800 	 91.6944 	 112.973 	 54.12
71000 	 91.6944 	 98.8749 	 54.14
71200 	 91.6944 	 99.5964 	 54.34
71400 	 91.6944 	 114.171 	 54.2
71600 	 91.6944 	 98.9799 	 54.3
71800 	 91.6944 	 107.161 	 54.02
72000 	 91.6944 	 99.4921 	 53.98
72200 	 91.6944 	 109.915 	 54.16
72400 	 91.6944 	 100.071 	 53.88
72600 	 91.6944 	 99.798 	 53.58
72800 	 91.6944 	 99.9654 	 53.94
73000 	 91.6944 	 130.205 	 54.02
73200 	 91.6944 	 100.449 	 53.34
73400 	 91.6944 	 98.7046 	 54.06
73600 	 91.6944 	 104.337 	 53.52
73800 	 91.6944 	 104.661 	 53.52
74000 	 91.6944 	 143.099 	 54
74200 	 91.6944 	 142.419 	 53.94
74400 	 91.6944 	 99.1801 	 53.5
74600 	 91.6944 	 102.923 	 53.18
74800 	 91.6944 	 99.5433 	 53.7
75000 	 91.6944 	 99.5529 	 53.46
75200 	 91.6944 	 98.5311 	 53.24
75400 	 91.6944 	 103.189 	 53.24
75600 	 91.6944 	 98.935 	 53.34
75800 	 91.6944 	 106.155 	 53.52
76000 	 91.6944 	 99.2278 	 53.16
76200 	 91.6944 	 104.282 	 53.2
76400 	 91.6944 	 99.2111 	 53.06
76600 	 91.6944 	 104.902 	 53.22
76800 	 91.6944 	 161.632 	 53.5
77000 	 91.6944 	 100.949 	 53.14
77200 	 91.6944 	 99.5755 	 52.94
77400 	 91.6944 	 144.371 	 53.5
77600 	 91.6944 	 98.7989 	 53.16
77800 	 91.6944 	 98.5949 	 53.16
78000 	 91.6944 	 100.381 	 53.4
78200 	 91.6944 	 111.82 	 53.38
78400 	 91.6944 	 100.179 	 53.1
78600 	 91.6944 	 98.7237 	 53.32
78800 	 91.6944 	 99.3416 	 53.06
79000 	 91.6944 	 105.328 	 53.06
79200 	 91.6944 	 100.786 	 53.22
79400 	 91.6944 	 97.898 	 53.22
79600 	 91.6944 	 99.4225 	 53.28
79800 	 91.639 	 146.821 	 53.3
80000 	 91.639 	 100.477 	 53.08
80200 	 91.639 	 99.3123 	 53.22
80400 	 91.639 	 99.7001 	 53.42
80600 	 91.639 	 99.0085 	 53.48
80800 	 91.639 	 121.2 	 53.62
81000 	 91.639 	 98.8444 	 53.82
81200 	 91.639 	 99.078 	 53.42
81400 	 91.639 	 100.219 	 53.38
81600 	 91.639 	 141.826 	 53.42
81800 	 91.639 	 113.274 	 53.66
82000 	 91.639 	 98.4327 	 53.44
82200 	 91.639 	 100.289 	 53.56
82400 	 91.639 	 99.7631 	 54.56
82600 	 91.639 	 99.1863 	 54.02
82800 	 91.639 	 104.078 	 54.32
83000 	 91.639 	 98.3406 	 54.52
83200 	 91.639 	 103.631 	 54.42
83400 	 91.639 	 98.2863 	 54.88
83600 	 91.639 	 98.3035 	 54.86
83800 	 91.639 	 97.287 	 54.7
84000 	 91.639 	 99.1594 	 54.78
84200 	 91.639 	 97.8944 	 54.84
84400 	 91.639 	 104.207 	 54.42
84600 	 91.639 	 98.1332 	 54.9
84800 	 91.639 	 114.1 	 55.14
85000 	 91.639 	 118.095 	 54.58
85200 	 91.639 	 105.348 	 54.68
85400 	 91.639 	 98.0484 	 54.36
85600 	 91.639 	 100.283 	 54.8
85800 	 91.639 	 104.343 	 54.7
86000 	 91.639 	 103.188 	 54
86200 	 91.639 	 97.2263 	 54
86400 	 91.639 	 100.935 	 54.14
86600 	 91.639 	 101.445 	 54.82
86800 	 91.639 	 99.9983 	 54.76
87000 	 91.639 	 101.12 	 54.66
87200 	 91.639 	 99.2368 	 54.8
87400 	 91.639 	 100.118 	 55
87600 	 91.639 	 112.543 	 54.58
87800 	 91.639 	 104.068 	 54.78
88000 	 91.639 	 104.717 	 54.9
88200 	 91.639 	 98.4741 	 54.9
88400 	 91.639 	 97.4767 	 54.46
88600 	 91.639 	 107.68 	 54.94
88800 	 91.639 	 98.4935 	 54.52
89000 	 91.639 	 104.022 	 55.74
89200 	 91.639 	 98.0892 	 55.7
89400 	 91.639 	 97.6431 	 55.42
89600 	 91.639 	 98.0261 	 55.56
89800 	 91.639 	 126.131 	 56.22
90000 	 91.639 	 100.68 	 55.68
90200 	 91.639 	 102.218 	 56.12
90400 	 91.639 	 106.756 	 55.68
90600 	 91.639 	 97.8298 	 55.84
90800 	 91.639 	 100.453 	 55.78
91000 	 91.639 	 98.0631 	 55.66
91200 	 91.639 	 102.966 	 56.08
91400 	 91.639 	 97.2897 	 56.04
91600 	 91.639 	 101.361 	 56.02
91800 	 91.639 	 97.3504 	 56.38
92000 	 91.639 	 144.376 	 55.72
92200 	 91.639 	 103.727 	 55.7
92400 	 91.639 	 100.242 	 55.62
92600 	 91.639 	 100.735 	 55.78
92800 	 91.639 	 161.366 	 56.14
93000 	 91.639 	 98.467 	 55.82
93200 	 91.639 	 140.919 	 56.46
93400 	 91.639 	 116.445 	 56.54
93600 	 91.639 	 102.83 	 56.04
93800 	 91.639 	 102.926 	 56.06
94000 	 91.639 	 98.4895 	 56.02
94200 	 91.639 	 101.898 	 56.24
94400 	 91.639 	 113.13 	 56.6
94600 	 91.639 	 109.415 	 56.22
94800 	 91.639 	 111.28 	 56.06
95000 	 91.639 	 112.629 	 56.44
95200 	 91.639 	 106.914 	 56.58
95400 	 91.639 	 96.9262 	 55.92
95600 	 91.639 	 96.8473 	 56.34
95800 	 91.639 	 113.476 	 55.76
96000 	 91.639 	 101.314 	 56.02
96200 	 91.639 	 96.6835 	 55.58
96400 	 91.639 	 102.389 	 55.7
96600 	 91.639 	 99.4404 	 55.94
96800 	 91.639 	 100.304 	 55.88
97000 	 91.639 	 97.946 	 55.9
97200 	 91.639 	 110.987 	 55.74
97400 	 91.639 	 97.8251 	 55.42
97600 	 91.639 	 103.222 	 54.74
97800 	 91.639 	 99.0129 	 53.86
98000 	 91.639 	 100.673 	 53.74
98200 	 91.639 	 98.5835 	 53.86
98400 	 91.2488 	 117.223 	 53.82
98600 	 91.2488 	 100.397 	 54.1
98800 	 91.2488 	 103.259 	 53.9
99000 	 91.2488 	 97.1827 	 54.12
99200 	 91.2488 	 108.701 	 54
99400 	 91.2488 	 104.466 	 53.38
99600 	 91.2488 	 98.8796 	 53
99800 	 91.2488 	 99.1399 	 53.14
100000 	 91.2488 	 97.9655 	 53.06
jenny@jenny-G50VT ~/docu/572/b $ 

