popu[93] dep: 3
popu[94] dep: 3
popu[95] dep: 1
popu[96] dep: 3
popu[97] dep: 1
popu[98] dep: 3
popu[99] dep: 2
Population Information: 
min:198.377
avg:772942
avgSize:11.02
200 	 198.119 	 199.656 	 8.32
400 	 197.91 	 199.871 	 14.61
600 	 197.511 	 199.86 	 15.21
800 	 197.277 	 199.208 	 14.93
1000 	 197.203 	 198.632 	 14.84
1200 	 197.169 	 198.735 	 14.84
1400 	 197.169 	 198.923 	 15.52
1600 	 197.169 	 200.276 	 16.32
1800 	 197.146 	 199.195 	 17.05
2000 	 178.284 	 198.085 	 17.39
2200 	 178.284 	 197.42 	 17.43
2400 	 178.284 	 197.274 	 17.26
2600 	 150.105 	 198.538 	 16.56
2800 	 149.549 	 196.578 	 16.1
3000 	 148.304 	 193.802 	 16.01
3200 	 148.304 	 193.123 	 15.92
3400 	 148.304 	 192.724 	 16.46
3600 	 146.08 	 192.261 	 17.22
3800 	 142.771 	 185.677 	 18.5
4000 	 142.771 	 180.9 	 20.18
4200 	 142.771 	 177.098 	 21.78
4400 	 142.483 	 167.466 	 25.08
4600 	 142.483 	 163.474 	 28.24
4800 	 142.483 	 158.85 	 28.18
5000 	 142.483 	 152.023 	 29.82
5200 	 142.416 	 214.194 	 29.44
5400 	 142.416 	 149.477 	 29.48
5600 	 142.416 	 148.1 	 29.94
5800 	 136.764 	 150.804 	 29.56
6000 	 136.764 	 147.267 	 30.2
6200 	 136.764 	 163.117 	 30.08
6400 	 136.764 	 147.883 	 30.6
6600 	 136.764 	 147.061 	 29.8
6800 	 136.764 	 146.889 	 29.82
7000 	 135.845 	 146.049 	 29.3
7200 	 135.845 	 146.779 	 29.46
7400 	 135.845 	 146.312 	 29.12
7600 	 135.845 	 145.314 	 28.74
7800 	 135.845 	 145.567 	 28.16
8000 	 135.845 	 145.003 	 28.32
8200 	 135.845 	 146.481 	 28.38
8400 	 134.485 	 167.711 	 26.54
8600 	 134.485 	 144.067 	 25.92
8800 	 130.134 	 143.946 	 24.06
9000 	 130.134 	 142.501 	 24.42
9200 	 130.134 	 143.285 	 22.54
9400 	 130.134 	 142.695 	 22.1
9600 	 130.134 	 141.387 	 21.72
9800 	 130.134 	 140.932 	 20.94
10000 	 130.134 	 141.273 	 20.68
10200 	 130.134 	 143.986 	 20.54
10400 	 130.134 	 141.799 	 20.02
10600 	 130.134 	 139.836 	 19.38
10800 	 130.134 	 141.249 	 19.44
11000 	 130.134 	 156.153 	 19.22
11200 	 130.134 	 184.096 	 19.46
11400 	 130.134 	 144.439 	 19.42
11600 	 130.134 	 140.435 	 19.22
11800 	 130.134 	 139.084 	 19.3
12000 	 117.078 	 138.229 	 20.54
12200 	 117.078 	 138.436 	 20.98
12400 	 117.078 	 138.908 	 20.84
12600 	 117.078 	 141.379 	 21.14
12800 	 117.078 	 139.281 	 21.76
13000 	 117.078 	 154.458 	 21.32
13200 	 117.078 	 138.705 	 21.22
13400 	 117.078 	 154.888 	 21.22
13600 	 117.078 	 139.068 	 21.58
13800 	 117.078 	 137.672 	 21.92
14000 	 117.078 	 138.067 	 22.06
14200 	 117.078 	 140.114 	 21.66
14400 	 117.078 	 160.488 	 20.92
14600 	 117.078 	 138.131 	 20.92
14800 	 117.078 	 138.543 	 20.98
15000 	 117.078 	 142.489 	 21.88
15200 	 115.995 	 154.006 	 21.9
15400 	 115.535 	 178.751 	 22.98
15600 	 115.535 	 137.717 	 23.54
15800 	 115.535 	 135.805 	 24.12
16000 	 115.535 	 136.301 	 24.2
16200 	 115.535 	 134.874 	 23.98
16400 	 115.535 	 140.19 	 23.98
16600 	 115.535 	 135.777 	 24.38
16800 	 115.535 	 148.234 	 25
17000 	 115.535 	 137.116 	 24.9
17200 	 115.535 	 135.965 	 24.68
17400 	 115.535 	 136.562 	 25.46
17600 	 115.535 	 135.976 	 25.14
17800 	 115.535 	 141.544 	 25.76
18000 	 115.123 	 133.362 	 26.74
18200 	 115.123 	 133.561 	 27.04
18400 	 115.123 	 133.426 	 27.24
18600 	 115.123 	 204.59 	 27.76
18800 	 115.123 	 134.847 	 29.06
19000 	 115.123 	 155.046 	 28.66
19200 	 115.123 	 146.449 	 28.78
19400 	 115.123 	 138.285 	 30.2
19600 	 115.123 	 131.487 	 30.36
19800 	 115.123 	 132.023 	 30.78
20000 	 115.123 	 132.212 	 30.78
20200 	 112.062 	 131.968 	 31.4
20400 	 112.062 	 131.657 	 32.5
20600 	 112.062 	 132.215 	 32.94
20800 	 112.062 	 130.942 	 32.84
21000 	 112.062 	 131.256 	 33.34
21200 	 112.062 	 130.142 	 33.2
21400 	 112.062 	 130.482 	 33.3
21600 	 112.062 	 130.527 	 34.22
21800 	 112.062 	 129.846 	 34.42
22000 	 112.062 	 129.993 	 34.82
22200 	 112.062 	 128.227 	 35.44
22400 	 112.062 	 161.136 	 36.14
22600 	 112.062 	 128.474 	 35.84
22800 	 112.062 	 128.543 	 36.24
23000 	 108.826 	 128 	 36.96
23200 	 108.826 	 128.665 	 37.06
23400 	 108.826 	 126.465 	 37.68
23600 	 108.826 	 130.317 	 37.78
23800 	 108.826 	 172.603 	 37.76
24000 	 108.826 	 127.518 	 39.88
24200 	 108.826 	 127.38 	 40.38
24400 	 108.826 	 126.232 	 40.8
24600 	 108.826 	 126.298 	 41.78
24800 	 108.826 	 126.737 	 41.82
25000 	 108.826 	 126.398 	 42.38
25200 	 108.826 	 128.724 	 43.06
25400 	 108.826 	 126.455 	 42.96
25600 	 108.826 	 126.137 	 43.38
25800 	 108.826 	 125.551 	 43.68
26000 	 108.826 	 136.768 	 43.48
26200 	 108.826 	 125.493 	 43.26
26400 	 108.826 	 125.367 	 44.06
26600 	 108.826 	 130.341 	 43.98
26800 	 108.826 	 124.441 	 44.44
27000 	 108.826 	 126.296 	 44.24
27200 	 108.826 	 124.804 	 44.22
27400 	 108.826 	 124.556 	 43.82
27600 	 105.579 	 124.821 	 43.68
27800 	 105.579 	 125.082 	 43.8
28000 	 105.579 	 127.774 	 43.66
28200 	 105.579 	 123.234 	 43.42
28400 	 105.579 	 125.578 	 43.18
28600 	 105.579 	 128.523 	 43.18
28800 	 105.579 	 122.602 	 43.32
29000 	 105.579 	 122.592 	 43.3
29200 	 105.579 	 124.013 	 42.88
29400 	 99.1256 	 127.731 	 42.68
29600 	 99.1256 	 121.747 	 42.58
29800 	 99.1256 	 122.654 	 42.68
30000 	 99.1256 	 139.716 	 43.08
30200 	 98.8376 	 167.514 	 42.7
30400 	 98.8376 	 122.204 	 43
30600 	 98.8376 	 124.036 	 43.08
30800 	 98.8376 	 122.65 	 42.88
31000 	 98.8376 	 122.283 	 42.86
31200 	 98.8376 	 122.414 	 43.08
31400 	 98.8376 	 121.746 	 43.26
31600 	 98.8376 	 125.289 	 42.76
31800 	 98.8376 	 124.096 	 43.26
32000 	 98.8376 	 166.975 	 43.18
32200 	 98.8376 	 121.252 	 43.28
32400 	 98.8376 	 120.445 	 43.2
32600 	 98.8376 	 121.423 	 43.4
32800 	 98.8376 	 122.096 	 43.48
33000 	 98.8376 	 147.478 	 42.98
33200 	 98.8376 	 121.653 	 43
33400 	 98.8376 	 122.654 	 43.18
33600 	 98.8376 	 124.198 	 43.18
33800 	 98.8376 	 121.463 	 43.58
34000 	 98.8376 	 119.467 	 43.48
34200 	 98.8376 	 119.965 	 43.58
34400 	 98.8376 	 121.899 	 43.48
34600 	 98.8376 	 121.163 	 43.38
34800 	 98.8376 	 119.378 	 43.38
35000 	 98.8376 	 120.984 	 43.3
35200 	 98.8376 	 135.884 	 43.4
35400 	 98.8376 	 118.653 	 44.16
35600 	 98.8376 	 120.315 	 43.36
35800 	 98.8376 	 120.474 	 43.78
36000 	 98.8376 	 121.144 	 44.14
36200 	 98.8376 	 121.291 	 44.34
36400 	 98.8376 	 120.101 	 44.04
36600 	 98.8376 	 119.004 	 44.04
36800 	 98.8376 	 118.604 	 44.64
37000 	 98.8376 	 119.532 	 44.34
37200 	 98.8376 	 118.568 	 44.54
37400 	 98.8376 	 117.741 	 44.56
37600 	 98.8376 	 162.497 	 44.74
37800 	 98.8376 	 120.239 	 44.44
38000 	 98.8376 	 119.303 	 44.14
38200 	 98.8376 	 131.674 	 43.74
38400 	 98.8376 	 119.025 	 43.86
38600 	 98.8376 	 118.048 	 43.86
38800 	 98.8376 	 119.029 	 43.96
39000 	 98.8376 	 118.246 	 43.96
39200 	 98.8376 	 119.401 	 43.64
39400 	 98.8376 	 119.175 	 43.66
39600 	 98.8376 	 176.714 	 43.84
39800 	 98.8376 	 120.181 	 43.74
40000 	 98.8376 	 125.715 	 44.04
40200 	 98.8376 	 117.876 	 43.84
40400 	 98.8376 	 117.753 	 44.12
40600 	 98.8376 	 118.959 	 43.7
40800 	 98.8376 	 118.558 	 43.7
41000 	 98.8376 	 143.195 	 43.7
41200 	 98.8376 	 118.418 	 44.3
41400 	 98.8376 	 117.758 	 43.82
41600 	 98.8376 	 124.301 	 44.3
41800 	 98.8376 	 119.032 	 44
42000 	 98.8376 	 119.761 	 43.8
42200 	 97.1382 	 118.786 	 43.5
42400 	 96.7331 	 117.479 	 43.5
42600 	 96.7331 	 117.68 	 43.42
42800 	 96.7331 	 118.24 	 43.4
43000 	 96.7331 	 118.619 	 43.2
43200 	 96.7331 	 118.415 	 43.5
43400 	 96.7331 	 117.197 	 43.5
43600 	 96.7175 	 115.995 	 43.3
43800 	 96.7175 	 117.129 	 43.3
44000 	 96.7175 	 118.088 	 43.3
44200 	 96.7175 	 118.69 	 43
44400 	 96.7175 	 116.42 	 43.38
44600 	 96.7175 	 120.295 	 43.28
44800 	 96.7175 	 117.494 	 43.38
45000 	 96.7175 	 117.287 	 43.58
45200 	 96.7175 	 116.921 	 43.48
45400 	 96.7175 	 116.898 	 43.36
45600 	 96.7175 	 134.676 	 43.36
45800 	 96.7175 	 115.1 	 43.44
46000 	 96.7175 	 120.157 	 43.54
46200 	 96.7175 	 116.419 	 43.94
46400 	 96.7175 	 115.746 	 44.04
46600 	 96.7175 	 115.549 	 44.04
46800 	 96.7175 	 116.27 	 44.24
47000 	 96.7175 	 133.991 	 44.12
47200 	 96.7175 	 116.374 	 44.12
47400 	 96.7175 	 178.397 	 44.12
47600 	 96.7175 	 114.898 	 44.12
47800 	 96.7175 	 115.539 	 43.9
48000 	 96.3947 	 122.957 	 44.2
48200 	 96.3947 	 114.029 	 43.9
48400 	 96.3947 	 114.754 	 44
48600 	 96.3947 	 157.628 	 43.8
48800 	 96.3947 	 114.297 	 43.8
49000 	 96.3947 	 115.041 	 43.8
49200 	 96.3947 	 169.286 	 43.9
49400 	 96.3947 	 158.177 	 44
49600 	 96.3947 	 114.994 	 43.4
49800 	 96.3947 	 115.375 	 43.3
50000 	 96.3947 	 116.614 	 43.2
50200 	 96.3947 	 113.854 	 43.5
50400 	 96.3947 	 113.775 	 43.5
50600 	 96.3947 	 114.907 	 43.7
50800 	 96.3947 	 132.204 	 43.8
51000 	 96.3947 	 113.723 	 43.6
51200 	 96.3947 	 125.793 	 43.6
51400 	 96.3947 	 114.208 	 43.6
51600 	 96.3947 	 123.401 	 43.9
51800 	 96.3947 	 116.03 	 43.9
52000 	 96.3947 	 176.674 	 43.9
52200 	 96.3947 	 114.558 	 43.9
52400 	 96.3947 	 113.824 	 44
52600 	 96.3947 	 160.125 	 44
52800 	 96.3947 	 116.185 	 44
53000 	 96.3947 	 114.14 	 44
53200 	 96.3947 	 112.141 	 44
53400 	 95.7037 	 114.478 	 44.2
53600 	 95.7037 	 130.482 	 44.2
53800 	 95.7037 	 114.015 	 44.1
54000 	 95.7037 	 156.099 	 44.2
54200 	 95.7037 	 114.16 	 44.2
54400 	 95.7037 	 113.786 	 44.18
54600 	 95.7037 	 114.952 	 44.56
54800 	 95.7037 	 113.962 	 44.86
55000 	 95.7037 	 113.602 	 45.16
55200 	 95.7037 	 111.289 	 44.86
55400 	 95.7037 	 136.277 	 45.36
55600 	 95.7037 	 117.499 	 44.86
55800 	 95.7037 	 113.466 	 45.06
56000 	 95.7037 	 155.039 	 44.96
56200 	 95.7037 	 115.641 	 44.86
56400 	 95.7037 	 112.81 	 44.86
56600 	 95.7037 	 112.089 	 44.86
56800 	 95.7037 	 111.706 	 45.16
57000 	 95.7037 	 113.672 	 45.16
57200 	 95.7037 	 112.986 	 45.16
57400 	 95.7037 	 111.01 	 45.36
57600 	 95.7037 	 112.364 	 45.84
57800 	 95.7037 	 113.193 	 45.64
58000 	 95.7037 	 153.854 	 45.64
58200 	 95.7037 	 112.787 	 45.64
58400 	 95.7037 	 126.535 	 45.94
58600 	 95.7037 	 111.346 	 45.94
58800 	 95.7037 	 114.351 	 45.92
59000 	 95.7037 	 112.126 	 46.02
59200 	 95.7037 	 110.419 	 46.2
59400 	 95.7037 	 111.947 	 46
59600 	 95.7037 	 109.209 	 46
59800 	 95.7037 	 112.773 	 46.2
60000 	 95.7037 	 110.774 	 46.4
60200 	 95.7037 	 114.6 	 46.6
60400 	 95.7037 	 109.54 	 46.5
60600 	 95.7037 	 111.017 	 46.6
60800 	 95.7037 	 109.893 	 46.9
61000 	 95.7037 	 111.29 	 46.6
61200 	 95.7037 	 114.364 	 46.6
61400 	 95.7037 	 136.511 	 46.4
61600 	 95.7037 	 118.243 	 46.8
61800 	 95.7037 	 110.806 	 46.6
62000 	 95.7037 	 110.156 	 46.6
62200 	 95.7037 	 122.305 	 46.8
62400 	 95.7037 	 109.79 	 46.8
62600 	 95.7037 	 109.63 	 46.8
62800 	 95.7037 	 109.914 	 46.7
63000 	 95.7037 	 110.988 	 46.8
63200 	 95.7037 	 110.807 	 47.2
63400 	 95.7037 	 129.865 	 47.1
63600 	 95.7037 	 111.715 	 47
63800 	 95.7037 	 142.778 	 46.9
64000 	 95.7037 	 111.726 	 47.2
64200 	 95.7037 	 110.264 	 47.3
64400 	 95.7037 	 112.266 	 47.2
64600 	 95.7037 	 109.868 	 47.1
64800 	 95.7037 	 112.526 	 47
65000 	 95.7037 	 111.184 	 47.6
65200 	 95.7037 	 109.388 	 47.5
65400 	 95.7037 	 113.942 	 47.5
65600 	 95.7037 	 127.942 	 47.5
65800 	 95.7037 	 126.825 	 47.4
66000 	 95.7037 	 125.702 	 47.3
66200 	 95.7037 	 109.039 	 47.5
66400 	 95.7037 	 108.354 	 47.3
66600 	 95.7037 	 111.934 	 47.3
66800 	 95.7037 	 107.284 	 47.1
67000 	 95.7037 	 109.433 	 47.3
67200 	 95.7037 	 127.246 	 47.2
67400 	 95.7037 	 109.061 	 47.6
67600 	 95.7037 	 108.716 	 47.3
67800 	 95.7037 	 110.528 	 47.3
68000 	 95.7037 	 108.444 	 47.6
68200 	 95.7037 	 108.125 	 47.8
68400 	 95.7037 	 110.174 	 47.2
68600 	 95.7037 	 127.542 	 47.3
68800 	 95.7037 	 108.427 	 47.1
69000 	 95.7037 	 108.942 	 47.3
69200 	 95.7037 	 106.672 	 47.4
69400 	 95.7037 	 108.28 	 47.4
69600 	 95.7037 	 108.662 	 47.4
69800 	 95.7037 	 107.912 	 47.2
70000 	 95.7037 	 109.394 	 47.4
70200 	 95.7037 	 107.427 	 47.4
70400 	 95.7037 	 124.278 	 47.5
70600 	 95.7037 	 107.229 	 47.5
70800 	 95.7037 	 108.608 	 47.5
71000 	 95.7037 	 118.849 	 47.9
71200 	 95.7037 	 111.48 	 47.5
71400 	 95.7037 	 108.135 	 47.7
71600 	 94.6098 	 108.285 	 46.9
71800 	 94.6098 	 130.676 	 46.9
72000 	 94.6098 	 108.103 	 46.9
72200 	 94.6098 	 106.473 	 46.9
72400 	 94.6098 	 152.389 	 46.9
72600 	 94.6098 	 109.141 	 46.9
72800 	 94.6098 	 109.187 	 47.1
73000 	 94.6098 	 111.323 	 47.2
73200 	 94.6098 	 108.375 	 47.3
73400 	 94.6098 	 128.883 	 47.2
73600 	 94.6098 	 106.134 	 47.3
73800 	 94.6098 	 109.782 	 47
74000 	 94.6098 	 105.452 	 47
74200 	 94.6098 	 105.622 	 46.9
74400 	 94.6098 	 106.742 	 46.6
74600 	 94.6098 	 106.851 	 46.6
74800 	 94.6098 	 106.61 	 46.7
75000 	 94.6098 	 106.174 	 46.6
75200 	 94.6098 	 111.316 	 46.9
75400 	 94.6098 	 107.842 	 46.9
75600 	 94.6098 	 110.159 	 47.2
75800 	 94.6098 	 106.218 	 47.1
76000 	 94.6098 	 105.19 	 47.2
76200 	 94.6098 	 106.563 	 47.3
76400 	 94.6098 	 123.641 	 47.1
76600 	 94.6098 	 105.481 	 47
76800 	 94.6098 	 105.86 	 47
77000 	 94.6098 	 105.139 	 46.8
77200 	 94.6098 	 104.138 	 46.8
77400 	 94.6098 	 107.922 	 46.8
77600 	 94.6098 	 104.85 	 46.9
77800 	 94.6098 	 105.724 	 46.7
78000 	 94.6098 	 105.924 	 46.8
78200 	 94.6098 	 123.791 	 46.8
78400 	 94.6098 	 107.743 	 46.9
78600 	 94.6098 	 104.941 	 46.6
78800 	 94.6098 	 105.84 	 47.1
79000 	 94.6098 	 105.583 	 46.7
79200 	 94.6098 	 104.842 	 47
79400 	 94.6098 	 104.855 	 46.7
79600 	 94.6098 	 170.773 	 46.6
79800 	 94.6098 	 106.211 	 46.5
80000 	 94.6098 	 105.62 	 46.8
80200 	 94.6098 	 105.36 	 46.8
80400 	 94.6098 	 105.338 	 46.8
80600 	 94.6098 	 105.333 	 46.8
80800 	 94.6098 	 104.689 	 46.7
81000 	 94.6098 	 104.438 	 46.7
81200 	 94.6098 	 132.118 	 46.7
81400 	 94.6098 	 108.621 	 46.4
81600 	 94.6098 	 106.716 	 46.5
81800 	 94.6098 	 103.446 	 46.4
82000 	 94.6098 	 105.082 	 46.5
82200 	 94.6098 	 103.294 	 46.7
82400 	 94.6098 	 105.276 	 46.7
82600 	 94.6098 	 108.414 	 46.7
82800 	 94.6098 	 114.363 	 46.8
83000 	 94.6098 	 147.506 	 46.7
83200 	 94.6098 	 105.624 	 46.7
83400 	 94.6098 	 113.312 	 46.5
83600 	 94.6098 	 104.142 	 46.7
83800 	 94.6098 	 122.05 	 46
84000 	 94.6098 	 107.551 	 46
84200 	 94.6098 	 103.749 	 45.8
84400 	 94.6098 	 104.773 	 46
84600 	 94.6098 	 119.059 	 46
84800 	 94.6098 	 103.956 	 46
85000 	 94.6098 	 104.897 	 45.7
85200 	 94.6098 	 113.634 	 45.7
85400 	 94.6098 	 104.143 	 45.5
85600 	 94.6098 	 105.148 	 45.4
85800 	 94.6098 	 104.535 	 45.4
86000 	 94.6098 	 105.775 	 45.5
86200 	 94.6098 	 105.4 	 45.5
86400 	 94.6098 	 115.682 	 45.5
86600 	 94.6098 	 105.188 	 45.5
86800 	 94.6098 	 106.04 	 45.7
87000 	 94.6098 	 103.691 	 45.5
87200 	 94.6098 	 146.775 	 45.6
87400 	 94.6098 	 117.356 	 45.7
87600 	 94.6098 	 103.407 	 45.4
87800 	 94.6098 	 103.851 	 45.5
88000 	 94.6098 	 104.33 	 45.7
88200 	 94.6098 	 104.154 	 45.6
88400 	 94.6098 	 103.435 	 45.6
88600 	 94.6098 	 104.374 	 45.6
88800 	 94.6098 	 106.352 	 45.5
89000 	 94.6098 	 103.774 	 45.4
89200 	 94.6098 	 103.938 	 45.4
89400 	 94.6098 	 108.338 	 45.5
89600 	 94.6098 	 105.803 	 45.5
89800 	 94.6098 	 103.106 	 45.4
90000 	 94.6098 	 171.174 	 45.5
90200 	 94.6098 	 103.918 	 45.4
90400 	 94.6098 	 103.191 	 45.3
90600 	 94.6098 	 102.973 	 44.9
90800 	 94.6098 	 103.125 	 45.3
91000 	 94.6098 	 148.196 	 45
91200 	 94.6098 	 106.208 	 45
91400 	 94.6098 	 103.312 	 45.1
91600 	 94.6098 	 102.965 	 45.1
91800 	 94.6098 	 103.662 	 45.1
92000 	 94.6098 	 103.323 	 45.1
92200 	 94.6098 	 103.235 	 45.1
92400 	 94.6098 	 103.852 	 45.4
92600 	 94.6098 	 102.217 	 45.1
92800 	 94.6098 	 102.209 	 44.9
93000 	 94.6098 	 104.548 	 44.9
93200 	 94.6098 	 105.195 	 44.9
93400 	 94.6098 	 101.869 	 44.9
93600 	 94.6098 	 102.859 	 44.8
93800 	 94.6098 	 104.725 	 44.6
94000 	 94.6098 	 124.11 	 44.5
94200 	 94.6098 	 102.338 	 44.8
94400 	 94.6098 	 107.714 	 44.7
94600 	 94.6098 	 103.02 	 45
94800 	 91.8781 	 103.874 	 44.8
95000 	 91.8781 	 104.134 	 44.8
95200 	 91.8781 	 102.34 	 44.7
95400 	 91.8781 	 101.651 	 44.8
95600 	 91.8781 	 122.238 	 44.8
95800 	 91.8781 	 112.055 	 44.5
96000 	 91.8781 	 103.253 	 44.1
96200 	 91.8781 	 101.733 	 44.2
96400 	 91.8781 	 120.69 	 44.1
96600 	 91.8781 	 102.926 	 44
96800 	 91.8781 	 107.201 	 44.2
97000 	 91.8781 	 101.374 	 44.3
97200 	 91.8781 	 102.713 	 44.3
97400 	 91.8781 	 101.125 	 44.2
97600 	 91.8781 	 101.387 	 44.3
97800 	 91.8781 	 106.06 	 44.4
98000 	 91.8781 	 101.802 	 44.4
98200 	 91.8781 	 101.426 	 44.2
98400 	 91.8781 	 104.728 	 44.3
98600 	 91.8781 	 101.742 	 44
98800 	 91.8781 	 104.863 	 44
99000 	 91.8781 	 120.95 	 44
99200 	 91.8781 	 164.229 	 44
99400 	 91.8781 	 103.203 	 43.9
99600 	 91.8781 	 102.005 	 44
99800 	 91.8781 	 101.508 	 44.2
100000 	 91.8781 	 107.554 	 44
jenny@jenny-G50VT ~/docu/572/b $ 

