popu[93] dep: 1
popu[94] dep: 1
popu[95] dep: 2
popu[96] dep: 2
popu[97] dep: 3
popu[98] dep: 2
popu[99] dep: 2
Population Information: 
min:198.122
avg:3.52753e+06
avgSize:9.46
1000 	 196.424 	 198.484 	 11.39
2000 	 195.106 	 198.728 	 14.22
3000 	 139.232 	 189.107 	 22.65
4000 	 138.639 	 150.654 	 45.34
5000 	 137.815 	 142.887 	 34.68
6000 	 137.365 	 141.737 	 27.25
7000 	 137.098 	 140.139 	 23.56
8000 	 136.994 	 147.513 	 21.55
9000 	 133.604 	 141.891 	 19.33
10000 	 133.604 	 148.7 	 18.39
11000 	 133.418 	 139.047 	 20.1
12000 	 121.862 	 139.849 	 24.36
13000 	 121.862 	 147.743 	 26.83
14000 	 121.862 	 147.555 	 24.85
15000 	 119.591 	 134.791 	 25.45
16000 	 119.591 	 180.258 	 27.84
17000 	 115.732 	 134.501 	 30.67
18000 	 114.265 	 133.411 	 35.86
19000 	 114.182 	 129.001 	 41.95
20000 	 114.182 	 127.422 	 45.29
21000 	 114.182 	 124.029 	 45.11
22000 	 112.006 	 125.377 	 45.2
23000 	 112.006 	 123.807 	 44.12
24000 	 112.006 	 120.907 	 44.3
25000 	 112.006 	 121.477 	 43.81
26000 	 112.006 	 160.891 	 44.16
27000 	 111.938 	 121.628 	 43.07
28000 	 95.3468 	 121.913 	 42.82
29000 	 95.3468 	 119.233 	 42.79
30000 	 95.3468 	 119.703 	 41.71
31000 	 95.3468 	 119.241 	 42.27
32000 	 95.3468 	 116.337 	 41.13
33000 	 95.3468 	 115.972 	 40.45
34000 	 95.3468 	 116.593 	 40.35
35000 	 95.3468 	 161.264 	 40.04
36000 	 95.3468 	 116.57 	 40.59
37000 	 95.3468 	 116.744 	 40.43
38000 	 95.3468 	 115.718 	 41.13
39000 	 95.3468 	 115.518 	 42.06
40000 	 95.3468 	 114.805 	 41.61
41000 	 95.3468 	 114.326 	 42.3
42000 	 95.3468 	 113.326 	 41.78
43000 	 95.3468 	 119.664 	 42.12
44000 	 95.3468 	 113.354 	 42.38
45000 	 95.3468 	 112.144 	 42.17
46000 	 95.3468 	 111.504 	 41.93
47000 	 95.3468 	 157.514 	 42.09
48000 	 95.3468 	 113.475 	 41.81
49000 	 95.3468 	 112.242 	 41.85
50000 	 95.3468 	 112.501 	 41.81
51000 	 95.3468 	 111.896 	 40.75
52000 	 95.3468 	 110.482 	 39.92
53000 	 95.3468 	 112.248 	 39.52
54000 	 95.3468 	 110.61 	 39.87
55000 	 95.3468 	 110.806 	 39.52
56000 	 94.768 	 109.532 	 39.19
57000 	 94.768 	 109.893 	 38.84
58000 	 94.768 	 110.792 	 38.58
59000 	 94.768 	 109.831 	 38.97
60000 	 92.8775 	 110.292 	 39.04
61000 	 92.8775 	 110.276 	 38.94
62000 	 92.8775 	 118.542 	 39.38
63000 	 92.8775 	 108.941 	 38.94
64000 	 92.8775 	 108.424 	 39.15
65000 	 92.8775 	 108.366 	 39.37
66000 	 92.8775 	 111.871 	 39.63
67000 	 92.8775 	 117.742 	 39.8
68000 	 92.8775 	 108.93 	 39.8
69000 	 92.8775 	 108.437 	 39.69
70000 	 92.8775 	 109.231 	 39.7
71000 	 92.8775 	 114.266 	 40.36
72000 	 88.8319 	 107.937 	 40.4
73000 	 88.8319 	 107.856 	 40.51
74000 	 88.8319 	 107.151 	 40.74
75000 	 88.8319 	 106.358 	 41.02
76000 	 88.8319 	 107.158 	 41.15
77000 	 88.8319 	 106.939 	 40.67
78000 	 88.8319 	 106.025 	 40.78
79000 	 88.8319 	 105.934 	 40.77
80000 	 88.8319 	 106.02 	 41.75
81000 	 88.8319 	 106.266 	 42.49
82000 	 88.8319 	 124.634 	 42.62
83000 	 88.8319 	 107.793 	 42.17
84000 	 88.8319 	 104.486 	 41.76
85000 	 88.8319 	 107.837 	 41.94
86000 	 88.8319 	 105.564 	 42.09
87000 	 85.0071 	 104.036 	 42.51
88000 	 85.0071 	 105.075 	 42.78
89000 	 85.0071 	 103.309 	 42.8
90000 	 85.0071 	 109.294 	 42.91
91000 	 85.0071 	 104.559 	 42.3
92000 	 85.0071 	 103.017 	 42.53
93000 	 85.0071 	 102.745 	 41.75
94000 	 85.0071 	 103.961 	 41.85
95000 	 85.0071 	 101.296 	 41.32
96000 	 85.0071 	 103.075 	 40.83
97000 	 85.0071 	 103.281 	 40
98000 	 85.0071 	 102.491 	 39.76
99000 	 85.0071 	 101.359 	 38.3
100000 	 85.0071 	 107.01 	 38.28
101000 	 85.0071 	 114.08 	 38.31
102000 	 85.0071 	 123.037 	 37.74
103000 	 85.0071 	 98.9944 	 36.72
104000 	 85.0071 	 99.9133 	 37.42
105000 	 85.0071 	 99.0101 	 36.74
106000 	 85.0071 	 98.6029 	 36.38
107000 	 85.0071 	 99.4583 	 36.8
108000 	 85.0071 	 99.5114 	 36.25
109000 	 85.0071 	 100.376 	 36.92
110000 	 85.0071 	 111.728 	 36.31
111000 	 85.0071 	 100.737 	 36.05
112000 	 85.0071 	 97.7098 	 36.66
113000 	 85.0071 	 101.103 	 36.52
114000 	 85.0071 	 104.242 	 36.7
115000 	 85.0071 	 98.1641 	 37.25
116000 	 85.0071 	 98.2713 	 36.85
117000 	 85.0071 	 98.6692 	 36.74
118000 	 85.0071 	 97.8916 	 36.83
119000 	 85.0071 	 97.7827 	 36.4
120000 	 83.651 	 99.7747 	 36.45
121000 	 83.651 	 97.5923 	 36.26
122000 	 83.651 	 106.136 	 36.64
123000 	 83.651 	 99.4789 	 36.21
124000 	 83.651 	 96.3189 	 36.5
125000 	 83.651 	 96.9592 	 37.06
126000 	 83.651 	 96.5865 	 36.72
127000 	 83.651 	 96.3028 	 36.87
128000 	 83.651 	 99.1437 	 36.93
129000 	 83.651 	 97.0365 	 36.87
130000 	 83.651 	 106.303 	 36.51
131000 	 83.651 	 141.669 	 36.83
132000 	 83.651 	 96.7472 	 36.47
133000 	 83.651 	 107.066 	 36.46
134000 	 83.651 	 98.2736 	 35.75
135000 	 83.651 	 107.434 	 36.04
136000 	 83.651 	 96.09 	 36
137000 	 83.651 	 94.6517 	 35.94
138000 	 83.651 	 95.091 	 36.03
139000 	 83.651 	 105.474 	 35.1
140000 	 83.651 	 98.1437 	 34.39
141000 	 83.651 	 94.9469 	 34.42
142000 	 83.651 	 95.9877 	 34.42
143000 	 83.651 	 95.8044 	 34.1
144000 	 83.651 	 101.922 	 33.88
145000 	 83.651 	 96.8514 	 33.85
146000 	 83.651 	 98.0298 	 33.76
147000 	 83.651 	 95.3794 	 33.71
148000 	 83.651 	 107.228 	 33.53
149000 	 83.651 	 95.8356 	 33.6
150000 	 83.651 	 95.8033 	 33.85
151000 	 83.651 	 95.9704 	 33.4
152000 	 83.651 	 97.0814 	 33.54
153000 	 83.651 	 96.3603 	 33.81
154000 	 83.651 	 96.1131 	 33.56
155000 	 83.651 	 107.006 	 33.35
156000 	 83.651 	 104.027 	 33.41
157000 	 83.651 	 150.63 	 33.07
158000 	 83.651 	 95.0132 	 33.2
159000 	 83.651 	 95.2364 	 33.17
160000 	 83.651 	 106.79 	 33.37
161000 	 83.651 	 96.8779 	 33.2
162000 	 83.651 	 98.2774 	 33.56
163000 	 83.651 	 105.73 	 33.81
164000 	 83.651 	 96.0509 	 33.79
165000 	 83.651 	 98.1526 	 33.83
166000 	 83.651 	 94.6706 	 33.68
167000 	 83.651 	 95.5524 	 33.8
168000 	 83.651 	 95.0919 	 33.69
169000 	 83.651 	 94.0864 	 33.76
170000 	 83.651 	 103.988 	 33.8
171000 	 83.651 	 94.3934 	 33.88
172000 	 83.651 	 118.181 	 33.84
173000 	 83.651 	 93.4385 	 33.86
174000 	 83.651 	 94.1784 	 33.45
175000 	 83.651 	 96.804 	 33.24
176000 	 83.651 	 94.6452 	 33.67
177000 	 83.651 	 94.3067 	 33.29
178000 	 83.651 	 97.4204 	 33.49
179000 	 83.651 	 100.697 	 33.43
180000 	 83.651 	 114.229 	 32.9
181000 	 83.651 	 96.0551 	 33.17
182000 	 83.651 	 99.5246 	 32.9
183000 	 83.651 	 93.1751 	 32.61
184000 	 83.651 	 105.937 	 32.64
185000 	 83.651 	 107.606 	 33.57
186000 	 83.651 	 93.6229 	 33.76
187000 	 83.651 	 93.4841 	 33.61
188000 	 83.651 	 109.9 	 33.86
189000 	 83.651 	 94.5211 	 33.59
190000 	 83.651 	 93.7785 	 34.21
191000 	 83.651 	 92.4631 	 33.71
192000 	 83.651 	 92.5032 	 33.87
193000 	 83.651 	 130.508 	 33.9
194000 	 83.651 	 93.6401 	 33.85
195000 	 82.2314 	 92.7376 	 34.06
196000 	 82.2314 	 92.2994 	 34.46
197000 	 82.2314 	 94.3939 	 34.48
198000 	 82.2314 	 94.3272 	 34.09
199000 	 82.2314 	 137.644 	 34.07
200000 	 82.2314 	 101.919 	 34.27
201000 	 82.2314 	 93.0045 	 34.32
202000 	 82.2314 	 96.2872 	 34.06
203000 	 82.2314 	 93.8818 	 34.02
204000 	 82.2314 	 95.1452 	 34.53
205000 	 82.2314 	 92.856 	 34.97
206000 	 82.2314 	 92.9159 	 34.75
207000 	 80.9822 	 100.357 	 34.97
208000 	 80.9822 	 93.5808 	 34.83
209000 	 80.9822 	 93.4796 	 34.8
210000 	 80.9822 	 92.3305 	 34.46
211000 	 80.9822 	 95.4251 	 34.96
212000 	 80.9822 	 98.1325 	 34.99
213000 	 80.9822 	 92.1853 	 34.9
214000 	 80.9822 	 92.8176 	 34.37
215000 	 80.9822 	 92.5515 	 35.06
216000 	 80.9822 	 92.824 	 35.1
217000 	 80.9822 	 92.1424 	 34.65
218000 	 80.9822 	 143.17 	 34.6
219000 	 80.9822 	 93.6212 	 34.53
220000 	 80.9822 	 94.7761 	 34.61
221000 	 80.9822 	 112.085 	 34.79
222000 	 80.9822 	 92.0426 	 34.59
223000 	 80.9822 	 92.3541 	 34.96
224000 	 80.9822 	 92.7759 	 35.22
225000 	 80.9822 	 92.2767 	 35.15
226000 	 80.9822 	 95.3547 	 34.94
227000 	 80.9822 	 105.105 	 35.12
228000 	 80.9822 	 93.959 	 34.87
229000 	 80.9822 	 103.834 	 35.51
230000 	 80.9822 	 100.523 	 35.85
231000 	 80.9822 	 137.013 	 36.31
232000 	 80.6151 	 98.7219 	 36.49
233000 	 80.6151 	 97.6017 	 36.62
234000 	 80.6151 	 92.4618 	 36.66
235000 	 80.6151 	 92.5025 	 37
236000 	 80.6151 	 92.2024 	 36.82
237000 	 80.6151 	 129.29 	 37.3
238000 	 80.6151 	 101.701 	 37.31
239000 	 80.6151 	 112.312 	 37.34
240000 	 80.6151 	 91.489 	 37.47
241000 	 80.6151 	 92.1053 	 37.79
242000 	 80.6151 	 94.2848 	 38.06
243000 	 80.6151 	 92.29 	 38.5
244000 	 80.6151 	 91.1201 	 38.62
245000 	 80.6151 	 96.6065 	 39.09
246000 	 80.6151 	 93.2578 	 39.61
247000 	 80.6151 	 91.0238 	 39.7
248000 	 80.6151 	 127.188 	 39.41
249000 	 80.6151 	 97.757 	 39.53
250000 	 80.6151 	 92.8226 	 39.92
251000 	 80.6151 	 93.3321 	 39.81
252000 	 80.6151 	 136.99 	 39.89
253000 	 80.6151 	 107.052 	 39.67
254000 	 80.6151 	 91.3753 	 40.04
255000 	 80.6151 	 91.6229 	 40.27
256000 	 80.6151 	 96.8774 	 40.89
257000 	 80.6151 	 91.146 	 40.65
258000 	 80.6151 	 96.6413 	 41.04
259000 	 80.6151 	 90.4929 	 41.29
260000 	 80.6151 	 92.7606 	 41.54
261000 	 80.6151 	 91.122 	 41.52
262000 	 80.6151 	 139.212 	 41.62
263000 	 80.6151 	 92.1422 	 41.99
264000 	 80.6151 	 90.6612 	 42.33
265000 	 80.6151 	 93.8433 	 42.75
266000 	 80.6151 	 154.723 	 43.01
267000 	 80.6151 	 102.904 	 43.03
268000 	 80.6151 	 92.239 	 42.88
269000 	 80.6151 	 96.0723 	 42.96
270000 	 80.6151 	 91.1117 	 43.37
271000 	 80.6151 	 104.965 	 43.5
272000 	 80.6151 	 90.7714 	 43.84
273000 	 80.6151 	 91.4641 	 44.23
274000 	 80.6151 	 94.8173 	 44.09
275000 	 80.6151 	 99.4977 	 43.96
276000 	 80.6151 	 98.9298 	 44.08
277000 	 80.6151 	 89.8637 	 44.18
278000 	 80.6151 	 91.8923 	 44.43
279000 	 80.6151 	 105.485 	 44.47
280000 	 80.6151 	 90.1586 	 44.31
281000 	 80.6151 	 91.6287 	 44.14
282000 	 80.6151 	 89.873 	 44.46
283000 	 80.6151 	 98.2952 	 44.83
284000 	 80.6151 	 90.6157 	 44.65
285000 	 80.6151 	 90.6142 	 44.77
286000 	 80.6151 	 91.895 	 44.6
287000 	 80.6151 	 94.9642 	 44.91
288000 	 80.6151 	 90.2765 	 45.06
289000 	 80.6151 	 89.8612 	 45.42
290000 	 80.6151 	 99.4723 	 45.41
291000 	 80.6151 	 89.4965 	 45.46
292000 	 80.6151 	 91.3209 	 45.43
293000 	 80.6151 	 105.948 	 45.32
294000 	 80.6151 	 91.5294 	 45.69
295000 	 80.6151 	 90.6833 	 45.56
296000 	 80.6151 	 90.823 	 45.7
297000 	 80.6151 	 89.9064 	 45.66
298000 	 80.6151 	 90.1719 	 45.47
299000 	 80.6151 	 110.008 	 45.59
300000 	 80.6151 	 89.9622 	 45.58
301000 	 80.6151 	 97.2089 	 45.68
302000 	 80.6151 	 89.6852 	 45.64
303000 	 80.6151 	 94.0917 	 45.89
304000 	 80.6151 	 90.9579 	 46.06
305000 	 80.6151 	 90.2447 	 46.01
306000 	 80.6151 	 89.4896 	 46.19
307000 	 80.6151 	 89.0778 	 46.13
308000 	 80.6151 	 90.3991 	 46.21
309000 	 80.6151 	 126.499 	 46.33
310000 	 80.6151 	 91.0026 	 46.31
311000 	 80.6151 	 95.1993 	 46.78
312000 	 80.6151 	 96.2116 	 46.82
313000 	 80.6151 	 90.4789 	 46.73
314000 	 80.6151 	 89.7743 	 46.58
315000 	 80.6151 	 91.991 	 47.14
316000 	 80.6151 	 93.9178 	 47.16
317000 	 80.6151 	 92.2724 	 47.04
318000 	 80.6151 	 90.7892 	 47.01
319000 	 80.6151 	 89.9825 	 47.16
320000 	 80.6151 	 89.6739 	 47.18
321000 	 80.6151 	 90.579 	 47.13
322000 	 80.6151 	 88.614 	 47.04
323000 	 80.6151 	 89.7662 	 46.98
324000 	 80.6151 	 152.503 	 46.98
325000 	 80.6151 	 89.3904 	 47.17
326000 	 80.6151 	 90.0003 	 46.94
327000 	 80.6151 	 90.3031 	 47.09
328000 	 80.2295 	 90.4217 	 47.22
329000 	 80.2295 	 90.2103 	 47.19
330000 	 80.2295 	 89.801 	 47.5
331000 	 80.2295 	 90.7615 	 47.71
332000 	 80.2295 	 92.0206 	 48.26
333000 	 80.2295 	 89.3326 	 47.83
334000 	 80.2295 	 89.6613 	 47.95
335000 	 80.2295 	 90.5394 	 47.99
336000 	 80.2295 	 88.2704 	 48.1
337000 	 80.2295 	 88.8216 	 47.93
338000 	 80.2295 	 89.8905 	 48.13
339000 	 80.2295 	 90.0366 	 48.25
340000 	 80.2295 	 88.7204 	 47.95
341000 	 80.2295 	 88.8466 	 48.12
342000 	 80.2295 	 155.56 	 48.19
343000 	 80.2295 	 95.1803 	 48.45
344000 	 80.2295 	 88.4888 	 48.28
345000 	 80.2295 	 88.2685 	 48.48
346000 	 80.2295 	 90.1372 	 49.01
347000 	 80.2295 	 87.1816 	 48.74
348000 	 80.2295 	 88.442 	 48.63
349000 	 80.2295 	 152.967 	 48.76
350000 	 80.2295 	 97.5534 	 48.9
351000 	 74.2236 	 88.8756 	 48.91
352000 	 74.2236 	 92.2903 	 48.79
353000 	 74.2236 	 89.9755 	 48.93
354000 	 74.2236 	 88.3241 	 49.05
355000 	 74.2236 	 88.9753 	 48.79
356000 	 74.2236 	 95.2851 	 49.46
357000 	 74.2236 	 89.1734 	 49.43
358000 	 74.2236 	 88.3494 	 49.44
359000 	 74.2236 	 133.536 	 49.5
360000 	 74.2236 	 88.6989 	 49.47
361000 	 74.2236 	 88.6815 	 49.05
362000 	 74.2236 	 102.496 	 48.86
363000 	 74.2236 	 107.043 	 48.77
364000 	 74.2236 	 88.3728 	 48.6
365000 	 74.2236 	 88.9706 	 48.33
366000 	 74.2236 	 89.4747 	 48.62
367000 	 74.2236 	 89.1059 	 48.48
368000 	 74.2236 	 96.9694 	 48.48
369000 	 74.2236 	 90.4444 	 48.41
370000 	 74.2236 	 151.276 	 48.39
371000 	 74.2236 	 88.108 	 48.54
372000 	 74.2236 	 96.9153 	 48.44
373000 	 74.0983 	 89.937 	 47.81
374000 	 74.0983 	 87.5598 	 47.97
375000 	 74.0983 	 87.1827 	 47.81
376000 	 74.0983 	 87.5164 	 47.85
377000 	 74.0983 	 87.6664 	 47.82
378000 	 74.0983 	 87.277 	 47.62
379000 	 74.0983 	 87.0731 	 47.79
380000 	 74.0983 	 90.8283 	 47.56
381000 	 74.0983 	 89.1114 	 47.49
382000 	 74.0983 	 88.7539 	 47.51
383000 	 74.0983 	 93.0399 	 47.69
384000 	 74.0983 	 93.6092 	 47.47
385000 	 74.0983 	 91.0933 	 47.62
386000 	 74.0983 	 88.6845 	 47.62
387000 	 74.0983 	 86.8279 	 47.34
388000 	 74.0983 	 88.4155 	 47.27
389000 	 74.0983 	 92.9442 	 47.27
390000 	 74.0983 	 87.1197 	 47.28
391000 	 74.0983 	 88.6391 	 47.18
392000 	 74.0983 	 86.4252 	 47.16
393000 	 74.0983 	 87.2435 	 47.18
394000 	 74.0983 	 96.84 	 47.25
395000 	 74.0983 	 89.6108 	 47.14
396000 	 74.0983 	 88.7536 	 47.33
397000 	 74.0983 	 87.2741 	 47.28
398000 	 74.0983 	 86.8333 	 47.22
399000 	 74.0983 	 87.6819 	 47.41
400000 	 74.0983 	 87.256 	 47.33
401000 	 74.0983 	 87.5539 	 47.06
402000 	 74.0983 	 85.5843 	 47.29
403000 	 74.0983 	 87.0849 	 47.05
404000 	 74.0983 	 96.5287 	 46.89
405000 	 74.0983 	 88.2989 	 46.89
406000 	 74.0983 	 87.2165 	 47.03
407000 	 74.0983 	 107.541 	 46.82
408000 	 74.0983 	 94.8557 	 46.84
409000 	 74.0983 	 89.5267 	 46.63
410000 	 74.0983 	 126.326 	 46.44
411000 	 74.0983 	 87.132 	 46.53
412000 	 74.0983 	 98.7243 	 46.69
413000 	 74.0983 	 87.1838 	 46.61
414000 	 74.0983 	 96.1455 	 46.55
415000 	 74.0983 	 87.6145 	 46.7
416000 	 74.0983 	 87.396 	 46.53
417000 	 74.0983 	 123.289 	 46.69
418000 	 74.0983 	 85.6156 	 46.7
419000 	 74.0983 	 88.3844 	 46.7
420000 	 74.0983 	 87.4622 	 46.53
421000 	 74.0983 	 92.8765 	 46.39
422000 	 74.0983 	 87.516 	 46.39
423000 	 74.0983 	 86.537 	 46.27
424000 	 74.0983 	 86.5606 	 46.33
425000 	 74.0983 	 89.2045 	 46.46
426000 	 74.0983 	 86.7491 	 46.53
427000 	 74.0983 	 87.1284 	 46.64
428000 	 74.0983 	 88.263 	 46.66
429000 	 74.0983 	 85.9398 	 46.51
430000 	 74.0983 	 85.6852 	 46.49
431000 	 74.0983 	 86.8453 	 46.38
432000 	 74.0983 	 86.5254 	 46.15
433000 	 74.0983 	 85.7894 	 46.13
434000 	 74.0983 	 86.6405 	 46.35
435000 	 74.0983 	 85.4691 	 46.15
436000 	 74.0983 	 96.2399 	 46.46
437000 	 74.0983 	 85.9342 	 46.49
438000 	 74.0983 	 85.5739 	 46.21
439000 	 74.0983 	 87.3904 	 46.35
440000 	 74.0983 	 126.53 	 46.65
441000 	 74.0983 	 86.3191 	 46.35
442000 	 74.0983 	 88.7631 	 46.59
443000 	 74.0983 	 87.2258 	 46.27
444000 	 74.0983 	 88.0181 	 46.42
445000 	 74.0983 	 99.2096 	 46.28
446000 	 74.0983 	 86.0772 	 46.56
447000 	 74.0983 	 86.4753 	 46.45
448000 	 74.0983 	 86.1567 	 46.13
449000 	 74.0983 	 89.1989 	 46.21
450000 	 74.0983 	 85.9916 	 46.19
451000 	 74.0983 	 86.1186 	 45.96
452000 	 74.0983 	 88.3597 	 45.95
453000 	 74.0983 	 86.1633 	 45.97
454000 	 74.0983 	 86.5621 	 45.8
455000 	 74.0983 	 90.9796 	 46.06
456000 	 74.0983 	 86.1674 	 45.79
457000 	 74.0983 	 88.4097 	 45.88
458000 	 74.0983 	 87.47 	 45.75
459000 	 74.0983 	 85.5732 	 45.88
460000 	 74.0983 	 87.4917 	 45.82
461000 	 74.0983 	 84.9372 	 45.69
462000 	 74.0983 	 103.606 	 45.69
463000 	 74.0983 	 86.3955 	 45.67
464000 	 74.0983 	 85.0201 	 45.78
465000 	 74.0983 	 88.4048 	 45.84
466000 	 74.0983 	 92.1509 	 45.69
467000 	 74.0983 	 85.8452 	 45.78
468000 	 74.0983 	 85.3785 	 45.69
469000 	 74.0983 	 98.0507 	 45.82
470000 	 74.0983 	 94.3205 	 45.54
471000 	 74.0983 	 83.6668 	 45.52
472000 	 74.0983 	 99.1511 	 45.47
473000 	 74.0983 	 86.6303 	 45.36
474000 	 74.0983 	 84.9221 	 45.45
475000 	 74.0983 	 85.0695 	 45.38
476000 	 74.0983 	 84.709 	 45.79
477000 	 74.0983 	 86.9886 	 45.31
478000 	 74.0983 	 83.7431 	 45.46
479000 	 74.0983 	 84.58 	 45.57
480000 	 74.0983 	 84.9539 	 45.33
481000 	 74.0983 	 84.4411 	 45.33
482000 	 74.0983 	 87.8531 	 45.37
483000 	 74.0983 	 94.7121 	 45.44
484000 	 74.0983 	 84.9298 	 45.46
485000 	 74.0983 	 90.4052 	 45.77
486000 	 74.0983 	 86.0364 	 45.64
487000 	 74.0983 	 83.9706 	 45.93
488000 	 74.0983 	 142.127 	 45.89
489000 	 74.0983 	 85.2379 	 45.67
490000 	 74.0983 	 105.551 	 45.75
491000 	 74.0983 	 109.58 	 45.69
492000 	 74.0983 	 85.1178 	 45.6
493000 	 74.0983 	 86.8974 	 45.58
494000 	 74.0983 	 85.9863 	 45.56
495000 	 74.0983 	 94.9731 	 45.69
496000 	 74.0983 	 85.8932 	 45.46
497000 	 74.0983 	 84.7628 	 45.44
498000 	 74.0983 	 129.909 	 45.46
499000 	 74.0983 	 132.834 	 45.31
500000 	 74.0983 	 91.5134 	 45.44
jenny@jenny-G50VT ~/docu/572/b $ 

