popu[93] dep: 3
popu[94] dep: 3
popu[95] dep: 2
popu[96] dep: 1
popu[97] dep: 1
popu[98] dep: 3
popu[99] dep: 1
Population Information: 
min:198.544
avg:3.316e+07
avgSize:8.57
1000 	 197.748 	 200.57 	 20.49
2000 	 162.869 	 198.08 	 21.68
3000 	 157.79 	 176.237 	 30.72
4000 	 149.385 	 224.995 	 27.26
5000 	 141.892 	 154.563 	 23.48
6000 	 124.289 	 151.205 	 23.54
7000 	 124.289 	 147.454 	 27.72
8000 	 118.021 	 160.439 	 31.36
9000 	 106.467 	 140.341 	 33.7
10000 	 106.467 	 136.51 	 40.32
11000 	 106.467 	 137.251 	 44.98
12000 	 106.467 	 131.791 	 48.58
13000 	 106.467 	 172.838 	 48.72
14000 	 106.467 	 129.365 	 50
15000 	 106.467 	 125.39 	 52.66
16000 	 104.243 	 123.139 	 47.72
17000 	 104.243 	 122.279 	 44.66
18000 	 104.243 	 119.801 	 46.24
19000 	 104.243 	 119.944 	 45.74
20000 	 104.243 	 118.624 	 44.58
21000 	 104.243 	 119.546 	 44.02
22000 	 104.243 	 116.997 	 43.6
23000 	 104.243 	 117.282 	 41.92
24000 	 104.243 	 119.353 	 41.38
25000 	 104.243 	 130.821 	 41.5
26000 	 104.243 	 114.519 	 41.24
27000 	 104.243 	 114.878 	 42.32
28000 	 104.243 	 116.478 	 43.62
29000 	 104.243 	 115.202 	 43.84
30000 	 104.243 	 116.09 	 44.92
31000 	 104.243 	 114.392 	 45.34
32000 	 104.243 	 113.567 	 44.9
33000 	 104.243 	 113.319 	 44.82
34000 	 104.243 	 153.873 	 44.92
35000 	 104.243 	 114.477 	 45.26
36000 	 104.243 	 157.568 	 46.1
37000 	 102.178 	 112.804 	 45.82
38000 	 102.178 	 114.888 	 46.22
39000 	 102.178 	 112.106 	 46.58
40000 	 102.178 	 112.911 	 47.06
41000 	 102.178 	 114.281 	 46.76
42000 	 102.178 	 112.05 	 46.74
43000 	 102.178 	 112.42 	 46.68
44000 	 102.178 	 112.556 	 45.82
45000 	 102.178 	 112.261 	 45.96
46000 	 102.178 	 116.203 	 45.4
47000 	 102.178 	 110.407 	 44.68
48000 	 102.178 	 111.013 	 44.4
49000 	 102.178 	 111.938 	 44.06
50000 	 102.178 	 110.697 	 43.84
51000 	 102.178 	 110.966 	 43.8
52000 	 102.178 	 109.381 	 43.2
53000 	 102.178 	 110.861 	 42.86
54000 	 102.178 	 111.192 	 42.78
55000 	 102.178 	 110.421 	 43.02
56000 	 102.178 	 137.148 	 42.42
57000 	 102.178 	 110.82 	 42
58000 	 102.178 	 110.229 	 41.66
59000 	 99.5089 	 158.347 	 40.34
60000 	 93.9142 	 109.906 	 40.54
61000 	 93.9142 	 109.726 	 40.02
62000 	 93.9142 	 109.93 	 40.32
63000 	 93.9142 	 111.222 	 40.06
64000 	 93.9142 	 111.693 	 39.54
65000 	 93.9142 	 108.614 	 39.4
66000 	 93.9142 	 125.738 	 39.52
67000 	 93.9142 	 110.473 	 39.18
68000 	 93.6867 	 108.649 	 39.54
69000 	 93.6867 	 111.49 	 39.18
70000 	 93.6867 	 109.02 	 39.26
71000 	 93.6867 	 108.657 	 39.08
72000 	 93.6867 	 107.532 	 38.62
73000 	 93.6867 	 106.573 	 39.28
74000 	 93.6867 	 109.694 	 39.64
75000 	 93.6867 	 108.29 	 39.2
76000 	 93.6867 	 111.852 	 39.06
77000 	 93.6867 	 109.535 	 38.86
78000 	 93.6867 	 108.737 	 39
79000 	 93.6867 	 113.905 	 39.1
80000 	 93.6867 	 108.387 	 38.78
81000 	 93.6867 	 107.535 	 39.44
82000 	 93.6867 	 114.584 	 38.78
83000 	 93.6867 	 108.089 	 38.98
84000 	 93.6867 	 107.2 	 38.54
85000 	 91.7109 	 106.297 	 38.02
86000 	 91.7109 	 121.257 	 37.58
87000 	 91.7109 	 108.098 	 38.14
88000 	 91.7109 	 105.548 	 38.32
89000 	 91.7109 	 105.977 	 37.82
90000 	 91.7109 	 111.406 	 38.62
91000 	 91.1987 	 108.525 	 38.3
92000 	 91.1987 	 107.356 	 38.74
93000 	 91.1987 	 105.423 	 39.08
94000 	 91.1987 	 105.052 	 38.84
95000 	 91.1987 	 104.175 	 38.74
96000 	 91.1987 	 148.944 	 39.22
97000 	 91.1987 	 104.887 	 38.82
98000 	 91.1987 	 105.616 	 38.74
99000 	 91.1987 	 105.124 	 39.1
100000 	 91.1987 	 107.15 	 38.44
101000 	 91.1987 	 106.25 	 38.3
102000 	 91.1987 	 105.985 	 38.78
103000 	 87.166 	 103.264 	 39.54
104000 	 87.166 	 121.638 	 40.02
105000 	 87.166 	 129.727 	 39.8
106000 	 87.166 	 125.159 	 39.68
107000 	 87.166 	 102.461 	 39.9
108000 	 87.166 	 101.053 	 39.4
109000 	 87.166 	 103.738 	 39.06
110000 	 87.166 	 100.103 	 38.72
111000 	 87.166 	 99.4963 	 38.76
112000 	 87.166 	 129.126 	 39.08
113000 	 87.166 	 119.828 	 39.3
114000 	 87.166 	 100.661 	 39.2
115000 	 87.166 	 101.898 	 39.54
116000 	 87.166 	 104.059 	 39.82
117000 	 87.166 	 99.3071 	 39.34
118000 	 87.166 	 98.9028 	 39.26
119000 	 87.166 	 99.218 	 38.96
120000 	 87.166 	 98.8704 	 38.22
121000 	 87.166 	 101.415 	 37.6
122000 	 87.166 	 130.591 	 37.36
123000 	 87.166 	 98.4423 	 37.22
124000 	 87.166 	 99.1946 	 37.3
125000 	 87.166 	 98.2377 	 36.98
126000 	 87.166 	 113.008 	 36.6
127000 	 87.166 	 96.4712 	 36.44
128000 	 87.166 	 109.09 	 36.1
129000 	 87.166 	 96.5669 	 36.04
130000 	 87.166 	 127.2 	 36.36
131000 	 87.166 	 99.4262 	 36.4
132000 	 87.166 	 99.445 	 36.48
133000 	 87.166 	 100.471 	 36.42
134000 	 87.166 	 96.5504 	 36.02
135000 	 87.166 	 96.5666 	 36.24
136000 	 87.166 	 95.3152 	 36.22
137000 	 87.166 	 97.2876 	 36.64
138000 	 87.166 	 103.416 	 36.5
139000 	 87.166 	 110.495 	 36.3
140000 	 87.166 	 109.094 	 36.26
141000 	 87.166 	 95.0742 	 36.38
142000 	 87.166 	 97.9268 	 36.3
143000 	 87.166 	 107.611 	 36.4
144000 	 87.166 	 158.528 	 36.32
145000 	 87.166 	 107.498 	 36.4
146000 	 87.166 	 101.883 	 36.26
147000 	 87.166 	 96.4288 	 36.28
148000 	 87.166 	 158.936 	 35.6
149000 	 87.166 	 96.0483 	 35.44
150000 	 87.166 	 94.6784 	 35.64
151000 	 87.166 	 95.3371 	 35.36
152000 	 87.166 	 94.977 	 35.46
153000 	 87.166 	 96.5045 	 35.16
154000 	 87.166 	 112.274 	 34.94
155000 	 87.166 	 95.0015 	 34.5
156000 	 87.166 	 96.2803 	 34.36
157000 	 87.166 	 96.5051 	 34.4
158000 	 87.166 	 113.43 	 34.62
159000 	 87.166 	 98.9048 	 34.48
160000 	 87.166 	 96.7947 	 34.34
161000 	 87.166 	 94.8318 	 34.48
162000 	 87.166 	 99.1738 	 34.58
163000 	 87.166 	 97.015 	 34.64
164000 	 87.166 	 95.2437 	 34.48
165000 	 87.166 	 100.486 	 35.08
166000 	 87.166 	 94.9505 	 34.64
167000 	 87.166 	 94.6181 	 35.22
168000 	 87.166 	 94.079 	 35.26
169000 	 87.166 	 93.4856 	 35.24
170000 	 87.166 	 95.2529 	 34.76
171000 	 87.166 	 94.5937 	 34.68
172000 	 87.166 	 107.99 	 34.66
173000 	 87.166 	 93.6325 	 34.86
174000 	 87.166 	 92.9857 	 35.26
175000 	 86.2785 	 94.8803 	 34.86
176000 	 86.2785 	 126.327 	 35.14
177000 	 86.2785 	 95.8715 	 35.08
178000 	 86.2785 	 96.1499 	 35.08
179000 	 86.2785 	 93.0369 	 35.18
180000 	 86.2785 	 95.3667 	 35.08
181000 	 86.2785 	 94.3444 	 35.08
182000 	 86.2785 	 96.2655 	 35.44
183000 	 86.2785 	 93.9666 	 35.24
184000 	 86.2785 	 97.8632 	 34.6
185000 	 86.2785 	 94.0812 	 34.58
186000 	 86.2785 	 91.9896 	 34.32
187000 	 86.2785 	 91.347 	 34.02
188000 	 86.2785 	 100.14 	 34.18
189000 	 86.2785 	 92.7084 	 34
190000 	 86.2785 	 95.446 	 34.02
191000 	 86.2785 	 109.941 	 33.64
192000 	 86.2785 	 93.8691 	 33.68
193000 	 86.2785 	 96.598 	 33.48
194000 	 86.2785 	 91.9208 	 33.62
195000 	 86.2785 	 95.4081 	 33.58
196000 	 86.2785 	 92.847 	 33.6
197000 	 86.2785 	 93.0557 	 33.8
198000 	 86.2785 	 93.1361 	 33.62
199000 	 82.6425 	 93.0882 	 33.7
200000 	 82.6425 	 92.505 	 33.66
201000 	 82.6425 	 94.3275 	 33.88
202000 	 82.6425 	 92.2144 	 33.4
203000 	 82.6425 	 94.3882 	 33.4
204000 	 82.6425 	 95.6291 	 33.52
205000 	 82.6425 	 93.9211 	 33.3
206000 	 82.6425 	 94.6598 	 33.14
207000 	 82.6425 	 97.4486 	 33.04
208000 	 82.6425 	 120.582 	 32.92
209000 	 82.6425 	 92.2482 	 33.08
210000 	 82.6425 	 92.6466 	 33.28
211000 	 82.6425 	 93.5523 	 33.24
212000 	 82.6425 	 155.857 	 33
213000 	 82.6425 	 96.4282 	 32.88
214000 	 82.6425 	 111.346 	 32.94
215000 	 82.6425 	 93.2638 	 32.78
216000 	 82.6425 	 94.4728 	 32.58
217000 	 82.6425 	 91.8312 	 32.6
218000 	 82.6425 	 93.0984 	 32.74
219000 	 82.6425 	 90.839 	 32.64
220000 	 82.6425 	 93.3718 	 32.48
221000 	 82.6425 	 95.9475 	 32.72
222000 	 82.6425 	 94.207 	 32.6
223000 	 82.6425 	 92.2341 	 32.58
224000 	 82.6425 	 96.057 	 32.5
225000 	 82.6425 	 113.111 	 32.28
226000 	 82.6425 	 93.9035 	 32.38
227000 	 82.6425 	 99.6636 	 32.52
228000 	 82.6425 	 94.9103 	 32.4
229000 	 82.6425 	 104.759 	 32.6
230000 	 82.6425 	 91.1543 	 32.52
231000 	 82.6425 	 90.076 	 32.68
232000 	 82.6425 	 92.6614 	 32.68
233000 	 82.6425 	 91.2752 	 32.68
234000 	 82.6425 	 96.8323 	 32.6
235000 	 82.6425 	 92.2616 	 32.7
236000 	 82.6425 	 92.6273 	 32.66
237000 	 82.6425 	 95.639 	 32.72
238000 	 82.6425 	 92.5951 	 32.74
239000 	 82.6425 	 91.2404 	 32.62
240000 	 82.6425 	 106.767 	 32.7
241000 	 82.6425 	 90.9467 	 32.94
242000 	 82.6425 	 93.7213 	 32.92
243000 	 82.6425 	 92.3171 	 32.94
244000 	 82.6425 	 91.0512 	 33.14
245000 	 82.6425 	 95.1558 	 32.72
246000 	 82.6425 	 93.5206 	 32.86
247000 	 82.6425 	 91.6331 	 32.72
248000 	 82.6425 	 92.7296 	 32.82
249000 	 82.6425 	 92.6049 	 32.94
250000 	 82.6425 	 92.1829 	 32.84
251000 	 82.6425 	 136.747 	 33.06
252000 	 82.6425 	 101.755 	 32.94
253000 	 82.6425 	 93.7666 	 33.04
254000 	 82.6425 	 95.5496 	 33.08
255000 	 82.6425 	 96.3579 	 33.08
256000 	 82.6425 	 93.2102 	 33.18
257000 	 82.6425 	 94.9662 	 33.08
258000 	 82.6425 	 92.2755 	 32.96
259000 	 82.6425 	 94.9049 	 33.16
260000 	 82.6425 	 92.1715 	 33.08
261000 	 82.6425 	 91.6908 	 32.94
262000 	 82.6425 	 92.0076 	 32.92
263000 	 82.6425 	 92.4347 	 33.24
264000 	 82.6425 	 93.1137 	 33.32
265000 	 82.6425 	 92.0578 	 33.1
266000 	 82.6425 	 92.785 	 33.18
267000 	 82.6425 	 90.9157 	 33.42
268000 	 82.6425 	 94.1501 	 33.5
269000 	 82.6425 	 91.9847 	 33.48
270000 	 82.6425 	 98.8328 	 33.6
271000 	 82.6425 	 93.7298 	 33.52
272000 	 82.6425 	 96.003 	 33.5
273000 	 82.6425 	 93.53 	 33.62
274000 	 82.6425 	 92.3265 	 33.66
275000 	 82.6425 	 137.089 	 33.7
276000 	 82.6425 	 94.4459 	 33.78
277000 	 82.6425 	 122.811 	 33.76
278000 	 82.6425 	 92.1824 	 33.96
279000 	 82.6425 	 93.3828 	 33.88
280000 	 82.6425 	 92.4163 	 34.08
281000 	 82.6425 	 89.8207 	 33.78
282000 	 82.6425 	 90.8385 	 33.74
283000 	 82.6425 	 95.1578 	 34
284000 	 82.6425 	 90.8453 	 34.08
285000 	 82.6425 	 93.9808 	 33.94
286000 	 82.6425 	 92.829 	 33.92
287000 	 82.6425 	 92.7756 	 34.26
288000 	 82.6425 	 91.6564 	 34.22
289000 	 82.6425 	 92.8911 	 34.14
290000 	 82.6425 	 92.897 	 34.14
291000 	 82.6425 	 92.7773 	 34.14
292000 	 82.6425 	 91.0134 	 34.1
293000 	 82.6425 	 95.899 	 33.98
294000 	 82.6425 	 92.7641 	 34.3
295000 	 82.6425 	 92.4757 	 34.08
296000 	 82.6425 	 94.8396 	 34.08
297000 	 82.6425 	 91.3648 	 34
298000 	 82.6425 	 92.5198 	 34.26
299000 	 82.6425 	 112.074 	 34.24
300000 	 82.6425 	 91.7892 	 34.24
301000 	 82.6425 	 157.446 	 34.32
302000 	 82.6425 	 96.2932 	 34.38
303000 	 82.6425 	 94.7332 	 34.38
304000 	 82.6425 	 91.8957 	 34.42
305000 	 82.6425 	 91.3394 	 34.18
306000 	 82.6425 	 92.6542 	 34.2
307000 	 82.6425 	 92.4503 	 34.42
308000 	 82.6425 	 94.7935 	 34.3
309000 	 82.6425 	 95.4453 	 34.36
310000 	 82.6425 	 91.2571 	 34.22
311000 	 82.6425 	 120.792 	 34.4
312000 	 82.6425 	 91.2797 	 34.42
313000 	 82.6425 	 138.568 	 34.32
314000 	 82.6425 	 92.2572 	 34.5
315000 	 82.6425 	 95.8941 	 34.46
316000 	 82.6425 	 95.7716 	 34.46
317000 	 82.6425 	 91.6151 	 34.6
318000 	 82.6425 	 91.1644 	 34.6
319000 	 82.6425 	 92.2834 	 34.56
320000 	 82.6425 	 92.3169 	 34.48
321000 	 82.6425 	 91.4144 	 34.48
322000 	 82.6425 	 92.7227 	 34.62
323000 	 82.6425 	 119.51 	 34.64
324000 	 82.6425 	 92.3044 	 34.7
325000 	 82.6425 	 92.5947 	 34.54
326000 	 82.6425 	 92.94 	 34.64
327000 	 82.6425 	 94.7689 	 34.58
328000 	 82.6425 	 90.9422 	 34.54
329000 	 82.6425 	 90.4494 	 34.8
330000 	 82.6425 	 96.4246 	 34.66
331000 	 82.6425 	 110.694 	 34.66
332000 	 82.6425 	 92.8662 	 34.74
333000 	 82.6425 	 94.5048 	 34.88
334000 	 82.6425 	 111.131 	 35.04
335000 	 82.6425 	 90.8425 	 34.98
336000 	 82.6425 	 90.7453 	 35
337000 	 82.6425 	 93.6136 	 35.04
338000 	 82.6425 	 94.2083 	 34.98
339000 	 82.6425 	 92.555 	 35
340000 	 82.6425 	 107.068 	 34.96
341000 	 82.6425 	 109.398 	 35.1
342000 	 82.6425 	 91.8946 	 35.2
343000 	 82.6425 	 91.598 	 35.44
344000 	 82.6425 	 92.3691 	 35.94
345000 	 82.6425 	 91.8059 	 35.86
346000 	 82.6425 	 90.6793 	 35.84
347000 	 82.6425 	 90.7752 	 35.88
348000 	 82.6425 	 92.2179 	 35.86
349000 	 82.6425 	 142.391 	 35.94
350000 	 82.6425 	 91.7311 	 36
351000 	 82.6425 	 94.0239 	 35.98
352000 	 82.6425 	 94.4647 	 36.02
353000 	 82.6425 	 91.6673 	 36.02
354000 	 82.6425 	 91.1153 	 35.88
355000 	 82.6425 	 91.9667 	 36.14
356000 	 82.6425 	 94.012 	 36.26
357000 	 82.6425 	 92.304 	 36.04
358000 	 82.6425 	 91.4122 	 36.12
359000 	 82.6425 	 94.8692 	 36.16
360000 	 79.8404 	 94.9932 	 36.28
361000 	 79.8404 	 92.7562 	 36.24
362000 	 79.8404 	 92.413 	 36.34
363000 	 79.8404 	 91.3395 	 36.28
364000 	 79.8404 	 97.9056 	 36.22
365000 	 79.8404 	 95.356 	 36.14
366000 	 79.8404 	 109.114 	 36.24
367000 	 79.8404 	 114.83 	 36.22
368000 	 79.8404 	 92.3594 	 36.28
369000 	 79.8404 	 95.9986 	 36.4
370000 	 79.8404 	 92.137 	 36.38
371000 	 79.8404 	 94.4808 	 36.52
372000 	 79.8404 	 92.0441 	 36.56
373000 	 79.8404 	 109.931 	 36.56
374000 	 79.8404 	 90.8008 	 36.54
375000 	 79.8404 	 92.6237 	 36.62
376000 	 79.8404 	 96.1845 	 36.6
377000 	 79.8404 	 91.2523 	 36.68
378000 	 79.8404 	 91.2257 	 36.58
379000 	 79.8404 	 90.9825 	 36.56
380000 	 79.8404 	 89.8329 	 36.58
381000 	 79.8404 	 91.3704 	 36.84
382000 	 79.8404 	 92.141 	 37.16
383000 	 79.8404 	 91.9821 	 37.16
384000 	 79.8404 	 91.6745 	 37.04
385000 	 79.8404 	 112.742 	 36.92
386000 	 79.8404 	 91.1633 	 36.94
387000 	 79.8404 	 91.3161 	 37.28
388000 	 79.8404 	 91.0082 	 37.16
389000 	 79.8404 	 98.5327 	 37.26
390000 	 79.8404 	 92.8351 	 37.26
391000 	 79.8404 	 109.775 	 37.26
392000 	 79.8404 	 91.1907 	 37.38
393000 	 79.8404 	 96.8998 	 37.42
394000 	 79.8404 	 91.3692 	 37.42
395000 	 79.8404 	 91.5312 	 37.5
396000 	 79.8404 	 90.1111 	 37.52
397000 	 79.8404 	 94.5998 	 37.54
398000 	 79.8404 	 92.1377 	 37.54
399000 	 79.8404 	 93.4352 	 37.54
400000 	 79.8404 	 92.0671 	 37.26
401000 	 79.8404 	 92.5393 	 37.62
402000 	 79.8404 	 90.7144 	 37.58
403000 	 79.8404 	 90.7764 	 37.54
404000 	 79.8404 	 90.6763 	 37.44
405000 	 79.8404 	 90.9402 	 37.58
406000 	 79.8404 	 90.6783 	 37.44
407000 	 79.8404 	 90.7319 	 37.62
408000 	 79.8404 	 92.441 	 37.6
409000 	 79.8404 	 92.0656 	 37.62
410000 	 79.8404 	 91.3345 	 37.7
411000 	 79.8404 	 90.3026 	 37.72
412000 	 79.8404 	 92.993 	 37.74
413000 	 79.8404 	 93.9746 	 37.66
414000 	 79.8404 	 92.0226 	 37.68
415000 	 79.8404 	 90.6851 	 37.4
416000 	 79.8404 	 90.4116 	 37.5
417000 	 79.8404 	 93.7019 	 37.4
418000 	 79.8404 	 93.3615 	 37.52
419000 	 79.8404 	 104.29 	 37.52
420000 	 79.8404 	 108.785 	 37.48
421000 	 79.8404 	 92.178 	 37.38
422000 	 79.8404 	 94.2708 	 37.62
423000 	 79.8404 	 90.5956 	 37.66
424000 	 79.8404 	 91.3966 	 37.66
425000 	 79.8404 	 91.2923 	 37.64
426000 	 79.8404 	 90.3908 	 37.64
427000 	 79.8404 	 91.5902 	 37.66
428000 	 79.8404 	 93.1315 	 37.68
429000 	 79.8404 	 90.0854 	 37.6
430000 	 79.8404 	 89.5878 	 37.66
431000 	 79.8404 	 91.3169 	 37.66
432000 	 79.8404 	 92.6065 	 37.66
433000 	 79.8404 	 90.955 	 37.66
434000 	 79.8404 	 91.2045 	 37.66
435000 	 79.8404 	 90.5903 	 37.68
436000 	 79.8404 	 93.4795 	 37.56
437000 	 79.8404 	 90.8252 	 37.7
438000 	 79.8404 	 92.6169 	 37.82
439000 	 79.8404 	 91.0115 	 37.88
440000 	 79.8404 	 154.168 	 37.84
441000 	 79.8404 	 92.7758 	 37.86
442000 	 79.8404 	 91.4494 	 37.78
443000 	 79.8404 	 110.555 	 37.84
444000 	 79.8404 	 91.9611 	 37.78
445000 	 79.8404 	 91.09 	 38.06
446000 	 79.8404 	 121.861 	 38.02
447000 	 79.8404 	 106.132 	 38.06
448000 	 78.9231 	 89.7746 	 38.16
449000 	 78.9231 	 91.395 	 38.2
450000 	 78.9231 	 93.1377 	 38.28
451000 	 78.9231 	 89.2784 	 38.18
452000 	 78.9231 	 90.4045 	 38.3
453000 	 78.9231 	 92.6084 	 38.22
454000 	 78.9231 	 92.041 	 38.1
455000 	 78.9231 	 97.4892 	 38.08
456000 	 78.9231 	 91.1438 	 38.08
457000 	 78.9231 	 119.517 	 38.1
458000 	 78.9231 	 93.1256 	 37.96
459000 	 78.9231 	 110.013 	 38.08
460000 	 78.9231 	 93.7882 	 38.12
461000 	 78.9231 	 92.7621 	 38.22
462000 	 78.9231 	 91.4523 	 38.22
463000 	 78.9231 	 98.1696 	 38.28
464000 	 78.9231 	 92.0792 	 38.26
465000 	 78.9231 	 93.1326 	 38.12
466000 	 78.9231 	 104.204 	 38.24
467000 	 75.2143 	 90.9249 	 38.22
468000 	 75.2143 	 96.1338 	 38.24
469000 	 75.2143 	 135.637 	 38.24
470000 	 75.2143 	 90.2569 	 38.18
471000 	 75.2143 	 90.0214 	 38.12
472000 	 75.2143 	 89.6049 	 38.26
473000 	 75.2143 	 91.0045 	 38.02
474000 	 75.2143 	 91.6618 	 38.16
475000 	 75.2143 	 91.1004 	 38.28
476000 	 75.2143 	 90.6398 	 38.28
477000 	 75.2143 	 89.8178 	 38.32
478000 	 75.2143 	 90.2294 	 38.3
479000 	 75.2143 	 89.1811 	 38.48
480000 	 75.2143 	 91.4312 	 38.6
481000 	 75.2143 	 118.38 	 38.66
482000 	 75.2143 	 89.865 	 38.52
483000 	 75.2143 	 91.1497 	 38.56
484000 	 75.2143 	 90.7799 	 38.68
485000 	 75.2143 	 90.8142 	 38.46
486000 	 75.2143 	 90.4067 	 38.6
487000 	 75.2143 	 88.6522 	 38.6
488000 	 75.2143 	 91.951 	 38.58
489000 	 75.2143 	 88.8019 	 38.58
490000 	 75.2143 	 91.6215 	 38.58
491000 	 75.2143 	 90.7576 	 38.58
492000 	 75.2143 	 89.9379 	 38.62
493000 	 75.2143 	 89.1933 	 38.58
494000 	 75.2143 	 92.671 	 38.6
495000 	 75.2143 	 91.0031 	 38.66
496000 	 75.2143 	 90.381 	 38.6
497000 	 75.2143 	 89.2761 	 38.62
498000 	 75.2143 	 89.0804 	 38.64
499000 	 75.2143 	 89.2572 	 38.92
500000 	 75.2143 	 89.5244 	 39.04
jenny@jenny-G50VT ~/docu/572/b $ 

