49000 	 160.932 	 190.832 	 32.44
49100 	 160.932 	 238.702 	 32.44
49200 	 160.932 	 355.486 	 32.3
49300 	 153.082 	 283.673 	 32.84
49400 	 153.082 	 454.505 	 32.92
49500 	 153.082 	 182.711 	 32.26
49600 	 153.082 	 184.963 	 32.76
49700 	 153.082 	 246.31 	 32.62
49800 	 153.082 	 187.053 	 32.56
49900 	 153.082 	 187.019 	 32.86
50000 	 153.082 	 867.197 	 32.56
50100 	 153.082 	 385.742 	 33.22
50200 	 153.082 	 190.872 	 32.86
50300 	 153.082 	 44226.3 	 33.28
50400 	 153.082 	 185.045 	 34.32
50500 	 153.082 	 184.997 	 32.98
50600 	 153.082 	 210.035 	 33.16
50700 	 153.082 	 184.343 	 32.88
50800 	 153.082 	 183.415 	 33.3
50900 	 153.082 	 184.13 	 32.94
51000 	 153.082 	 187.925 	 33.62
51100 	 153.082 	 184.994 	 32.88
51200 	 153.082 	 232.263 	 33.12
51300 	 153.082 	 235.512 	 33.8
51400 	 153.082 	 200.727 	 33.18
51500 	 153.082 	 186.461 	 32.82
51600 	 153.082 	 226.117 	 32.82
51700 	 153.082 	 183.195 	 32.6
51800 	 153.082 	 183.136 	 32.2
51900 	 153.082 	 184.217 	 32.74
52000 	 153.082 	 188.163 	 32.38
52100 	 153.082 	 182.63 	 32.32
52200 	 153.082 	 212.47 	 32.68
52300 	 153.082 	 191.989 	 32.62
52400 	 153.082 	 14281.6 	 32.82
52500 	 153.082 	 186.805 	 32.14
52600 	 153.082 	 183.584 	 32.38
52700 	 153.082 	 185.562 	 32.38
52800 	 153.082 	 202.427 	 32.74
52900 	 153.082 	 187.759 	 32.92
53000 	 153.082 	 185.675 	 32.92
53100 	 153.082 	 743.218 	 33.16
53200 	 153.082 	 187.55 	 33.76
53300 	 153.082 	 183.872 	 33.82
53400 	 153.082 	 184.078 	 34.42
53500 	 153.082 	 195.888 	 33.94
53600 	 153.082 	 182.932 	 34.18
53700 	 153.082 	 4369.59 	 34.06
53800 	 153.082 	 2495.04 	 34.36
53900 	 153.082 	 184.465 	 33.76
54000 	 153.082 	 184.433 	 33.82
54100 	 153.082 	 227.129 	 34.6
54200 	 153.082 	 2339.57 	 34.42
54300 	 153.082 	 201.878 	 35.58
54400 	 153.082 	 225.906 	 35.38
54500 	 153.082 	 183.802 	 35.14
54600 	 153.082 	 183.38 	 36.36
54700 	 153.082 	 121581 	 37.16
54800 	 153.082 	 217.653 	 36.72
54900 	 153.082 	 184.228 	 36.64
55000 	 153.082 	 183.551 	 37.16
55100 	 153.082 	 187.598 	 36.66
55200 	 153.082 	 250.367 	 36.84
55300 	 153.082 	 182.895 	 36.84
55400 	 153.082 	 198.01 	 37.26
55500 	 153.082 	 215.069 	 36.78
55600 	 153.082 	 224.305 	 36.66
55700 	 153.082 	 183.9 	 36.66
55800 	 153.082 	 226.859 	 36.96
55900 	 153.082 	 184.498 	 37.08
56000 	 153.082 	 233.286 	 37.66
56100 	 153.082 	 203.53 	 37.8
56200 	 153.082 	 184.237 	 37.5
56300 	 153.082 	 184.615 	 38.16
56400 	 153.082 	 195.185 	 37.14
56500 	 153.082 	 240.437 	 37.56
56600 	 153.082 	 334.666 	 37.8
56700 	 153.082 	 191.025 	 37.32
56800 	 153.082 	 183.568 	 37.14
56900 	 153.082 	 185.639 	 37.98
57000 	 153.082 	 182.403 	 37.2
57100 	 153.082 	 198.406 	 38.26
57200 	 153.082 	 362.702 	 37.78
57300 	 153.082 	 183.368 	 37.36
57400 	 153.082 	 194.543 	 38.16
57500 	 153.082 	 332.499 	 37.18
57600 	 153.082 	 190.938 	 37.18
57700 	 153.082 	 185.362 	 37
57800 	 153.082 	 188.742 	 37.36
57900 	 153.082 	 13930.4 	 37.78
58000 	 153.082 	 185.284 	 37.82
58100 	 153.082 	 190.701 	 37.36
58200 	 153.082 	 130708 	 38.34
58300 	 153.082 	 229.679 	 37.78
58400 	 153.082 	 253.769 	 37.48
58500 	 153.082 	 186.273 	 38.56
58600 	 153.082 	 189.665 	 38.56
58700 	 153.082 	 182.435 	 38.32
58800 	 153.082 	 181.931 	 38.32
58900 	 153.082 	 182.432 	 38.38
59000 	 153.082 	 183.189 	 38.38
59100 	 153.082 	 213.53 	 39.06
59200 	 153.082 	 408.926 	 39
59300 	 153.082 	 183.604 	 39.04
59400 	 153.082 	 186.86 	 38.74
59500 	 153.082 	 183.827 	 38.68
59600 	 153.082 	 186.479 	 38.98
59700 	 153.082 	 90168.7 	 39.28
59800 	 153.082 	 190.245 	 38.68
59900 	 153.082 	 184.785 	 38.74
60000 	 153.082 	 419.22 	 39.16
60100 	 153.082 	 182.177 	 38.92
60200 	 153.082 	 182.003 	 38.74
60300 	 153.082 	 197.473 	 39.64
60400 	 153.082 	 198.077 	 39.64
60500 	 153.082 	 11978.3 	 40.5
60600 	 153.082 	 1255.33 	 39.28
60700 	 153.082 	 228.126 	 39.1
60800 	 153.082 	 1825.88 	 39.46
60900 	 153.082 	 207.015 	 39.78
61000 	 153.082 	 184.422 	 39.62
61100 	 153.082 	 182.077 	 39.78
61200 	 153.082 	 183.524 	 39.9
61300 	 153.082 	 198.235 	 38.92
61400 	 153.082 	 182.503 	 39.6
61500 	 153.082 	 183.043 	 39.04
61600 	 153.082 	 2372.38 	 39.1
61700 	 153.082 	 228.025 	 39.34
61800 	 153.082 	 16493.2 	 39.4
61900 	 153.082 	 184.783 	 39.16
62000 	 153.082 	 184.297 	 39.46
62100 	 153.082 	 183.579 	 39.9
62200 	 153.082 	 182.365 	 39.2
62300 	 153.082 	 238.396 	 39.76
62400 	 153.082 	 183.204 	 38.74
62500 	 153.082 	 183.568 	 39.6
62600 	 153.082 	 183.978 	 39.04
62700 	 153.082 	 185.053 	 39.16
62800 	 153.082 	 187.691 	 40.18
62900 	 153.082 	 182.522 	 38.62
63000 	 153.082 	 246.091 	 39.1
63100 	 153.082 	 2197.95 	 39.46
63200 	 153.082 	 185.862 	 39.1
63300 	 153.082 	 249.158 	 39.7
63400 	 153.082 	 182.892 	 39.38
63500 	 153.082 	 182.106 	 39.38
63600 	 153.082 	 190.689 	 40.04
63700 	 153.082 	 245.9 	 40.1
63800 	 153.082 	 254.009 	 40.06
63900 	 153.082 	 198.521 	 40.22
64000 	 153.082 	 183.641 	 40.54
64100 	 153.082 	 181.899 	 40.22
64200 	 153.082 	 232.964 	 40.22
64300 	 153.082 	 473.014 	 40.04
64400 	 153.082 	 181.858 	 40.12
64500 	 153.082 	 183.304 	 39.92
64600 	 153.082 	 188.985 	 40.84
64700 	 153.082 	 273646 	 40.28
64800 	 153.082 	 199.061 	 40.04
64900 	 153.082 	 183.5 	 41.46
65000 	 153.082 	 395.357 	 40.1
65100 	 153.082 	 183.11 	 40.44
65200 	 153.082 	 184.254 	 40.6
65300 	 153.082 	 181.109 	 40.52
65400 	 153.082 	 185.49 	 41.42
65500 	 153.082 	 183.232 	 40.4
65600 	 153.082 	 182.302 	 40.82
65700 	 153.082 	 181.845 	 41.18
65800 	 153.082 	 181.984 	 42.3
65900 	 153.082 	 181.345 	 42.52
66000 	 153.082 	 186.316 	 41.76
66100 	 153.082 	 378.967 	 42.06
66200 	 141.142 	 181.97 	 42.98
66300 	 141.142 	 180.98 	 42.6
66400 	 141.142 	 378.143 	 42.62
66500 	 141.142 	 253.979 	 42.22
66600 	 141.142 	 1640.91 	 42.42
66700 	 141.142 	 583.138 	 41.9
66800 	 141.142 	 239.029 	 42.34
66900 	 141.142 	 181.945 	 42.52
67000 	 141.142 	 196.718 	 42.2
67100 	 141.142 	 186.52 	 42.7
67200 	 141.142 	 185.099 	 41.48
67300 	 141.142 	 184.546 	 41.86
67400 	 141.142 	 183.429 	 41.54
67500 	 141.142 	 192.929 	 42.28
67600 	 141.142 	 202.998 	 41.72
67700 	 141.142 	 184.561 	 41.42
67800 	 141.142 	 205.49 	 41.54
67900 	 141.142 	 215.924 	 41.12
68000 	 141.142 	 236.724 	 41.06
68100 	 141.142 	 198.661 	 40.82
68200 	 141.142 	 209.613 	 41.12
68300 	 141.142 	 180.318 	 41.12
68400 	 141.142 	 183.069 	 41.18
68500 	 141.142 	 182.048 	 41.18
68600 	 141.142 	 182.883 	 41.12
68700 	 141.142 	 184.217 	 41.42
68800 	 141.142 	 269.352 	 41.12
68900 	 141.142 	 181.208 	 41.54
69000 	 141.142 	 309.957 	 41.74
69100 	 141.142 	 188.951 	 41.48
69200 	 141.142 	 182.454 	 41.3
69300 	 141.142 	 182.942 	 40.94
69400 	 141.142 	 240.556 	 42.08
69500 	 141.142 	 191.283 	 41.84
69600 	 141.142 	 216.224 	 41.82
69700 	 141.142 	 3912.62 	 42.32
69800 	 141.142 	 2450.43 	 42.94
69900 	 141.142 	 2623.65 	 42.72
70000 	 141.142 	 211.934 	 42.62
70100 	 141.142 	 2050.69 	 42.62
70200 	 141.142 	 1322.8 	 42.62
70300 	 141.142 	 392.363 	 43.22
70400 	 141.142 	 1697.74 	 42.36
70500 	 141.142 	 182.971 	 42.44
70600 	 141.142 	 213.669 	 42.08
70700 	 141.142 	 180.904 	 42.82
70800 	 141.142 	 181.55 	 42.2
70900 	 141.142 	 186.828 	 42.6
71000 	 141.142 	 930.325 	 42.36
71100 	 141.142 	 184.94 	 43
71200 	 141.142 	 183.113 	 41.84
71300 	 141.142 	 184.184 	 41.3
71400 	 141.142 	 203.72 	 41.12
71500 	 141.142 	 180.368 	 41.14
71600 	 141.142 	 179.969 	 41.62
71700 	 141.142 	 182.006 	 41.6
71800 	 141.142 	 182.916 	 41.82
71900 	 141.142 	 188.249 	 41.26
72000 	 141.142 	 180.335 	 41.84
72100 	 141.142 	 194.876 	 41.56
72200 	 141.142 	 422.858 	 41.56
72300 	 141.142 	 262.123 	 41.26
72400 	 141.142 	 184.065 	 41.2
72500 	 141.142 	 245.286 	 41.86
72600 	 141.142 	 180.668 	 41.8
72700 	 141.142 	 181.355 	 42.04
72800 	 141.142 	 184.954 	 41.98
72900 	 141.142 	 697.792 	 42.76
73000 	 141.142 	 245.609 	 42.52
73100 	 141.142 	 182.801 	 42.76
73200 	 141.142 	 184.257 	 43.2
73300 	 141.142 	 230.229 	 43.22
73400 	 141.142 	 197.521 	 42.52
73500 	 141.142 	 6457.74 	 42.88
73600 	 141.142 	 206.954 	 42.7
73700 	 141.142 	 183.944 	 43.12
73800 	 141.142 	 197.716 	 42.22
73900 	 141.142 	 180.084 	 42.46
74000 	 141.142 	 862.683 	 42.94
74100 	 141.142 	 188.924 	 42.16
74200 	 141.142 	 360.628 	 43.14
74300 	 141.142 	 940.568 	 42.22
74400 	 141.142 	 204.643 	 42.46
74500 	 141.142 	 242.815 	 42.34
74600 	 141.142 	 197.568 	 42.4
74700 	 141.142 	 1.8086e+06 	 42.4
74800 	 141.142 	 4100.82 	 41.86
74900 	 141.142 	 103562 	 41.86
75000 	 141.142 	 919.999 	 42
75100 	 141.142 	 264.783 	 42.18
75200 	 141.142 	 180.88 	 41.7
75300 	 141.142 	 182.86 	 41.94
75400 	 141.142 	 8752.36 	 42
75500 	 141.142 	 857.438 	 41.4
75600 	 141.142 	 197.433 	 41.76
75700 	 141.142 	 2657.25 	 42
75800 	 141.142 	 230890 	 42.12
75900 	 141.142 	 181.422 	 41.94
76000 	 141.142 	 258.542 	 42.46
76100 	 141.142 	 4967.75 	 42.78
76200 	 141.142 	 238.416 	 42.12
76300 	 141.142 	 183.266 	 41.28
76400 	 141.142 	 180.296 	 41.76
76500 	 141.142 	 1083.55 	 41.1
76600 	 141.142 	 35971.1 	 40.98
76700 	 141.142 	 355.581 	 41.66
76800 	 141.142 	 190.545 	 41.04
76900 	 141.142 	 180.184 	 41.3
77000 	 141.142 	 227.784 	 41.3
77100 	 141.142 	 1962.74 	 41.72
77200 	 141.142 	 180.218 	 41.06
77300 	 141.142 	 329.622 	 41.14
77400 	 141.142 	 412.339 	 40.88
77500 	 141.142 	 251.861 	 40.7
77600 	 141.142 	 184.01 	 41.06
77700 	 141.142 	 234.84 	 41.08
77800 	 141.142 	 194.469 	 41.56
77900 	 141.142 	 218.603 	 40.66
78000 	 141.142 	 242.32 	 41.38
78100 	 141.142 	 302.175 	 41.8
78200 	 141.142 	 182.942 	 42.42
78300 	 141.142 	 15747.9 	 42.16
78400 	 141.142 	 223.849 	 41.66
78500 	 141.142 	 188.217 	 41.78
78600 	 141.142 	 299.896 	 41.96
78700 	 141.142 	 206.108 	 41.78
78800 	 141.142 	 195.563 	 42.02
78900 	 141.142 	 2458.26 	 42.26
79000 	 141.142 	 3014.26 	 42.2
79100 	 141.142 	 1768.63 	 42.2
79200 	 141.142 	 182.819 	 41.96
79300 	 141.142 	 5230.01 	 42.88
79400 	 141.142 	 196.036 	 42.02
79500 	 141.142 	 243.781 	 42.2
79600 	 141.142 	 182.826 	 42.26
79700 	 141.142 	 229.591 	 42.46
79800 	 141.142 	 211.265 	 42.26
79900 	 141.142 	 181.16 	 41.78
80000 	 141.142 	 1457.83 	 42.44
80100 	 141.142 	 182.816 	 42.36
80200 	 141.142 	 180.719 	 41.84
80300 	 141.142 	 224.335 	 41.36
80400 	 141.142 	 183.464 	 42.02
80500 	 141.142 	 184.915 	 42.46
80600 	 141.142 	 485.06 	 41.6
80700 	 141.142 	 180.971 	 43
80800 	 141.142 	 221.855 	 42.14
80900 	 141.142 	 342.041 	 42.76
81000 	 141.142 	 187.469 	 42.9
81100 	 141.142 	 2525.28 	 43.24
81200 	 141.142 	 180.497 	 42.32
81300 	 141.142 	 179.307 	 42.62
81400 	 141.142 	 239.035 	 42.68
81500 	 141.142 	 256.267 	 43.3
81600 	 141.142 	 180.05 	 42.66
81700 	 141.142 	 5007.89 	 42.92
81800 	 141.142 	 217.042 	 42.98
81900 	 141.142 	 273.963 	 43.1
82000 	 141.142 	 1904.3 	 42.5
82100 	 141.142 	 181.034 	 42.56
82200 	 141.142 	 5316.2 	 42.66
82300 	 141.142 	 313.979 	 42.62
82400 	 141.142 	 181.199 	 42.86
82500 	 141.142 	 229.803 	 42.56
82600 	 141.142 	 208.825 	 43.58
82700 	 141.142 	 188.994 	 42.8
82800 	 141.142 	 74263.4 	 43.08
82900 	 141.142 	 179.624 	 42.98
83000 	 141.142 	 180.356 	 43.22
83100 	 141.142 	 181.221 	 43.08
83200 	 141.142 	 179.753 	 42.8
83300 	 141.142 	 204.041 	 43.04
83400 	 141.142 	 233.695 	 43.42
83500 	 141.142 	 232.28 	 43.3
83600 	 141.142 	 188.008 	 43.04
83700 	 141.142 	 189.987 	 43.46
83800 	 141.142 	 200.029 	 43.94
83900 	 141.142 	 10343.5 	 43.46
84000 	 141.142 	 183.39 	 43.28
84100 	 141.142 	 181.133 	 43.04
84200 	 141.142 	 277.843 	 44.92
84300 	 141.142 	 315.856 	 44.42
84400 	 141.142 	 181.334 	 44.66
84500 	 141.142 	 181999 	 45.44
84600 	 141.142 	 179.304 	 44.5
84700 	 141.142 	 322.138 	 44.24
84800 	 141.142 	 271.714 	 44.06
84900 	 141.142 	 180.616 	 44.88
85000 	 141.142 	 2698.92 	 44.68
85100 	 141.142 	 185.989 	 44.56
85200 	 141.142 	 181.424 	 44.7
85300 	 141.142 	 181.073 	 44.7
85400 	 141.142 	 180.021 	 45.12
85500 	 141.142 	 794.142 	 44.2
85600 	 141.142 	 181.084 	 44.8
85700 	 141.142 	 248.856 	 45.34
85800 	 141.142 	 224.379 	 44.32
85900 	 141.142 	 181 	 45.16
86000 	 141.142 	 179.318 	 44.5
86100 	 141.142 	 548.849 	 44.38
86200 	 141.142 	 555.051 	 44.44
86300 	 141.142 	 219.812 	 44.8
86400 	 141.142 	 194.84 	 44.56
86500 	 141.142 	 225 	 44.26
86600 	 141.142 	 394.365 	 44.5
86700 	 141.142 	 287.026 	 44.5
86800 	 141.142 	 181.37 	 44.2
86900 	 141.142 	 179.028 	 44.08
87000 	 141.142 	 213.979 	 44.66
87100 	 141.142 	 180.889 	 44.2
87200 	 141.142 	 179.423 	 45.04
87300 	 141.142 	 203.236 	 45.28
87400 	 141.142 	 183.496 	 44.44
87500 	 141.142 	 309.324 	 44.8
87600 	 141.142 	 487.767 	 44.26
87700 	 141.142 	 225.068 	 44.44
87800 	 141.142 	 250.029 	 44.08
87900 	 141.142 	 181.108 	 45.4
88000 	 141.142 	 225.881 	 44.2
88100 	 141.142 	 365.819 	 44.8
88200 	 141.142 	 216.64 	 45.36
88300 	 141.142 	 179.525 	 44.86
88400 	 141.142 	 202.639 	 45.22
88500 	 141.142 	 569689 	 45.48
88600 	 141.142 	 185.048 	 44.96
88700 	 141.142 	 505.354 	 45.14
88800 	 141.142 	 186.249 	 44.96
88900 	 141.142 	 191.841 	 45.06
89000 	 141.142 	 228.152 	 45.58
89100 	 141.142 	 223.411 	 46.38
89200 	 141.142 	 194.451 	 46.38
89300 	 141.142 	 264.099 	 46.56
89400 	 141.142 	 218.702 	 46.24
89500 	 141.142 	 2320.06 	 46.42
89600 	 141.142 	 8274.68 	 46.32
89700 	 141.142 	 180.354 	 46.12
89800 	 141.142 	 181.961 	 46.24
89900 	 141.142 	 246.404 	 47.08
90000 	 141.142 	 178.937 	 47.16
90100 	 141.142 	 181.485 	 47.08
90200 	 141.142 	 188.717 	 47.92
90300 	 141.142 	 181.493 	 46.98
90400 	 141.142 	 201.613 	 47.66
90500 	 141.142 	 1.37203e+06 	 47.54
90600 	 141.142 	 638.764 	 46.74
90700 	 141.142 	 7294.57 	 47.34
90800 	 141.142 	 287.02 	 47.26
90900 	 141.142 	 442.876 	 47.12
91000 	 141.142 	 219.109 	 46.8
91100 	 141.142 	 4571.91 	 47.48
91200 	 141.142 	 261.856 	 46.92
91300 	 141.142 	 179.207 	 47.1
91400 	 141.142 	 326.973 	 46.8
91500 	 141.142 	 1655.17 	 47.28
91600 	 141.142 	 181.309 	 47.1
91700 	 141.142 	 186.069 	 46.98
91800 	 141.142 	 423.125 	 47.4
91900 	 141.142 	 185.691 	 47.16
92000 	 141.142 	 3520.58 	 47.36
92100 	 141.142 	 199.272 	 46.98
92200 	 141.142 	 183.224 	 47.48
92300 	 141.142 	 182.33 	 46.8
92400 	 141.142 	 177.971 	 47.48
92500 	 141.142 	 221.906 	 47.18
92600 	 141.142 	 181.843 	 47.36
92700 	 141.142 	 1212.97 	 47.7
92800 	 141.142 	 297.934 	 48.16
92900 	 141.142 	 180.831 	 47.4
93000 	 141.142 	 316.553 	 46.74
93100 	 141.142 	 311.865 	 46.98
93200 	 141.142 	 221.951 	 46.98
93300 	 141.142 	 180.948 	 47.64
93400 	 141.142 	 257.663 	 47.26
93500 	 141.142 	 177.814 	 46.78
93600 	 141.142 	 194.834 	 46.62
93700 	 141.142 	 196.918 	 46.38
93800 	 141.142 	 1729.08 	 45.66
93900 	 141.142 	 806.836 	 45.12
94000 	 141.142 	 190.37 	 45.54
94100 	 141.142 	 184.965 	 46.16
94200 	 141.142 	 179.956 	 45.7
94300 	 141.142 	 214.214 	 45.48
94400 	 141.142 	 746.849 	 45.96
94500 	 141.142 	 254.46 	 45.78
94600 	 141.142 	 1947.14 	 45.7
94700 	 141.142 	 199.07 	 45.78
94800 	 141.142 	 1172.91 	 46.38
94900 	 141.142 	 180.39 	 45.84
95000 	 141.142 	 196.719 	 45.6
95100 	 141.142 	 206.466 	 45.54
95200 	 141.142 	 184.496 	 45.78
95300 	 141.142 	 56704.2 	 45.6
95400 	 141.142 	 201.192 	 45.3
95500 	 141.142 	 193.985 	 45.54
95600 	 141.142 	 179.731 	 45.24
95700 	 141.142 	 314.468 	 46.72
95800 	 141.142 	 183.972 	 46.48
95900 	 141.142 	 4307.03 	 45.72
96000 	 141.142 	 274.09 	 45.42
96100 	 141.142 	 389.926 	 46.56
96200 	 141.142 	 634.916 	 46.34
96300 	 141.142 	 178.739 	 45.18
96400 	 141.142 	 774.344 	 46.16
96500 	 141.142 	 18875.8 	 45.6
96600 	 141.142 	 197.746 	 46.2
96700 	 141.142 	 198.567 	 46.02
96800 	 141.142 	 1.21849e+06 	 45.54
96900 	 141.142 	 180.658 	 46.5
97000 	 141.142 	 297.718 	 45.92
97100 	 141.142 	 378.329 	 46.08
97200 	 141.142 	 270.407 	 45.88
97300 	 141.142 	 184.297 	 46.16
97400 	 141.142 	 186.838 	 45.18
97500 	 141.142 	 180.098 	 45.36
97600 	 141.142 	 199.693 	 45.12
97700 	 141.142 	 566.464 	 45.24
97800 	 141.142 	 307.363 	 45.3
97900 	 141.142 	 286.875 	 44.7
98000 	 141.142 	 181.319 	 44.66
98100 	 141.142 	 179.565 	 44.78
98200 	 133.824 	 216.54 	 45.16
98300 	 133.824 	 197.741 	 44.66
98400 	 133.824 	 180.664 	 44.66
98500 	 133.824 	 230.643 	 44.9
98600 	 133.824 	 249.582 	 44.66
98700 	 133.824 	 203.162 	 45.44
98800 	 133.824 	 180.504 	 45.32
98900 	 133.824 	 178.753 	 44.96
99000 	 133.824 	 264631 	 45.02
99100 	 133.824 	 12824 	 46.3
99200 	 133.824 	 213.187 	 45.26
99300 	 133.824 	 694.352 	 45.56
99400 	 133.824 	 614.932 	 46
99500 	 133.824 	 543.96 	 45.8
99600 	 133.824 	 214.123 	 45.56
99700 	 133.824 	 571.461 	 45.56
99800 	 133.824 	 406670 	 46.1
99900 	 133.824 	 277.894 	 45.74
100000 	 133.824 	 177.983 	 46.52
jenny@jenny-G50VT ~/docu/572/b $ 

