popu[93] dep: 1
popu[94] dep: 2
popu[95] dep: 2
popu[96] dep: 3
popu[97] dep: 1
popu[98] dep: 1
popu[99] dep: 2
Population Information: 
min:197.825
avg:2.21748e+06
avgSize:8.9
200 	 197.785 	 198.565 	 4.84
400 	 197.785 	 198.194 	 3.99
600 	 197.785 	 262.043 	 4.72
800 	 197.506 	 207.725 	 5.31
1000 	 197.482 	 199.626 	 9.31
1200 	 171.33 	 197.41 	 10.95
1400 	 157.911 	 197.153 	 11.01
1600 	 143.976 	 195.332 	 15.47
1800 	 143.976 	 189.781 	 21.05
2000 	 140.743 	 181.525 	 33.68
2200 	 138.541 	 169.924 	 48.92
2400 	 138.541 	 160.063 	 52.41
2600 	 136.134 	 160.044 	 56.62
2800 	 136.134 	 152.998 	 59.39
3000 	 135.517 	 155.893 	 60.85
3200 	 135.517 	 146.756 	 62.26
3400 	 135.517 	 149.954 	 66.2
3600 	 134.029 	 146.591 	 68.07
3800 	 134.029 	 144.653 	 69.63
4000 	 132.687 	 143.635 	 72.38
4200 	 132.687 	 173.006 	 77.88
4400 	 132.687 	 142.32 	 79.98
4600 	 132.687 	 203.169 	 79.91
4800 	 132.687 	 140.321 	 77.94
5000 	 132.687 	 141.643 	 76.61
5200 	 132.687 	 142.072 	 79.82
5400 	 132.687 	 137.021 	 80.38
5600 	 125.719 	 140.016 	 80.1
5800 	 125.719 	 137.784 	 79
6000 	 125.695 	 136.059 	 78.97
6200 	 125.695 	 136.557 	 78.43
6400 	 125.695 	 136.334 	 79.61
6600 	 121.839 	 136.237 	 76.75
6800 	 121.839 	 136.351 	 77.36
7000 	 121.839 	 134.529 	 77.15
7200 	 120.311 	 134.726 	 77.75
7400 	 120.311 	 134.776 	 78.28
7600 	 120.311 	 137.016 	 78.09
7800 	 116.179 	 134.263 	 79.38
8000 	 116.179 	 136.051 	 78.4
8200 	 116.179 	 197.038 	 78.67
8400 	 116.179 	 133.816 	 77.54
8600 	 116.179 	 134.53 	 75.32
8800 	 116.179 	 132.858 	 75.87
9000 	 116.179 	 133.405 	 75.45
9200 	 116.179 	 133.581 	 70.41
9400 	 116.179 	 134.212 	 70.45
9600 	 114.997 	 132.603 	 70.51
9800 	 114.997 	 133.95 	 71.03
10000 	 114.997 	 142.096 	 72.44
10200 	 114.997 	 133.927 	 73.37
10400 	 112.712 	 133.744 	 72.25
10600 	 112.712 	 132.202 	 70.77
10800 	 112.712 	 131.282 	 71.88
11000 	 112.712 	 132.1 	 75.13
11200 	 112.712 	 131.5 	 76.03
11400 	 112.712 	 131.652 	 74.83
11600 	 112.712 	 129.871 	 77.11
11800 	 112.712 	 130.932 	 78.16
12000 	 112.712 	 130.412 	 78.35
12200 	 112.712 	 129.876 	 76.84
12400 	 112.712 	 129.156 	 77.88
12600 	 112.712 	 127.783 	 77.62
12800 	 112.712 	 137.566 	 79.77
13000 	 112.712 	 127.559 	 81.97
13200 	 112.712 	 128.788 	 82.07
13400 	 112.712 	 126.843 	 81.85
13600 	 112.712 	 126.808 	 83.37
13800 	 112.415 	 125.861 	 85.85
14000 	 112.415 	 127.119 	 84.38
14200 	 112.415 	 124.358 	 86.37
14400 	 112.415 	 125.26 	 87.21
14600 	 112.415 	 123.512 	 87.77
14800 	 112.415 	 169.585 	 86.57
15000 	 112.415 	 124.396 	 87.4
15200 	 112.415 	 123.095 	 88.32
15400 	 112.415 	 122.883 	 87.7
15600 	 112.415 	 125.439 	 88.4
15800 	 107.915 	 124.073 	 87.14
16000 	 106.496 	 121.745 	 86.54
16200 	 106.496 	 123.688 	 88.25
16400 	 106.496 	 184.252 	 88.81
16600 	 106.496 	 119.725 	 94.59
16800 	 106.496 	 120.866 	 94.18
17000 	 106.496 	 117.988 	 92.63
17200 	 106.496 	 119.886 	 93.64
17400 	 106.496 	 120.028 	 94.54
17600 	 106.496 	 118.993 	 94.25
17800 	 104.335 	 119.237 	 97.8
18000 	 104.335 	 120.067 	 99.5
18200 	 104.335 	 118.055 	 99.77
18400 	 104.335 	 118.856 	 97.31
18600 	 104.335 	 118.501 	 95.72
18800 	 104.335 	 118.789 	 95.62
19000 	 104.335 	 165.642 	 95.5
19200 	 103.746 	 116.863 	 99.32
19400 	 103.746 	 116.587 	 98.4
19600 	 103.746 	 130.095 	 99.55
19800 	 103.746 	 129.413 	 99.19
20000 	 103.746 	 115.348 	 101.11
20200 	 103.746 	 115.835 	 100.27
20400 	 103.746 	 116.218 	 101.01
20600 	 103.746 	 178.543 	 99.68
20800 	 103.746 	 115.371 	 100.04
21000 	 103.746 	 157.786 	 99.3
21200 	 103.746 	 183.248 	 96.18
21400 	 103.746 	 119.952 	 95.89
21600 	 103.746 	 114.365 	 95
21800 	 103.746 	 116.089 	 97.4
22000 	 103.746 	 115.283 	 93.78
22200 	 103.746 	 116.089 	 93.43
22400 	 103.746 	 114.68 	 94.58
22600 	 103.746 	 114.167 	 93.87
22800 	 103.746 	 114.96 	 95.86
23000 	 103.746 	 116.509 	 94.53
23200 	 103.746 	 114.367 	 93.92
23400 	 103.746 	 115.352 	 98.17
23600 	 103.746 	 114.984 	 97.52
23800 	 103.746 	 176.875 	 97.43
24000 	 103.746 	 115.485 	 99.34
24200 	 103.746 	 114.146 	 95.09
24400 	 103.746 	 112.311 	 96.13
24600 	 103.746 	 114.568 	 97.74
24800 	 103.746 	 112.323 	 95.22
25000 	 103.746 	 114.516 	 94.8
25200 	 103.746 	 113.047 	 93.37
25400 	 103.746 	 175.974 	 92.47
25600 	 103.746 	 115.532 	 91.21
25800 	 103.746 	 112.907 	 92.74
26000 	 103.746 	 119.758 	 89.22
26200 	 103.746 	 112.623 	 87.06
26400 	 103.746 	 113.26 	 88.6
26600 	 103.746 	 135.497 	 92.32
26800 	 103.746 	 113.04 	 90.99
27000 	 103.746 	 113.353 	 94.84
27200 	 103.746 	 112.655 	 93.69
27400 	 103.746 	 111.324 	 99.13
27600 	 103.746 	 111.912 	 101.16
27800 	 102.918 	 111.004 	 102.28
28000 	 102.918 	 111.122 	 103.98
28200 	 102.918 	 111.417 	 102.15
28400 	 102.918 	 110.637 	 103.33
28600 	 102.918 	 111.92 	 105.14
28800 	 102.918 	 127.865 	 107.58
29000 	 102.918 	 112.395 	 109.12
29200 	 102.918 	 109.849 	 110.55
29400 	 102.918 	 111.097 	 108.68
29600 	 102.918 	 110.115 	 108.44
29800 	 101.7 	 110.444 	 110.09
30000 	 101.7 	 110.314 	 110.83
30200 	 101.7 	 152.518 	 111.42
30400 	 101.7 	 110.307 	 111.74
30600 	 101.7 	 155.09 	 113.07
30800 	 101.7 	 109.682 	 114.59
31000 	 101.7 	 110.481 	 114.12
31200 	 101.7 	 109.287 	 114.34
31400 	 101.7 	 109.669 	 117.26
31600 	 101.7 	 111.487 	 116.24
31800 	 101.7 	 110.601 	 118.13
32000 	 101.7 	 108.765 	 118.96
32200 	 101.7 	 108.203 	 117.16
32400 	 101.7 	 108.471 	 121.48
32600 	 101.7 	 108.875 	 123.28
32800 	 101.7 	 109.428 	 121.74
33000 	 101.7 	 109.847 	 125.93
33200 	 101.7 	 108.939 	 124.15
33400 	 101.7 	 152.259 	 123.19
33600 	 101.7 	 109.482 	 126.52
33800 	 101.7 	 108.021 	 128.89
34000 	 101.7 	 109.741 	 130.62
34200 	 101.7 	 111.012 	 132.98
34400 	 101.7 	 108.543 	 129.21
34600 	 101.7 	 107.69 	 129.38
34800 	 101.7 	 108.208 	 132.06
35000 	 101.7 	 108.53 	 132.45
35200 	 101.7 	 109.021 	 139.48
35400 	 101.7 	 108.732 	 140.3
35600 	 101.7 	 109.154 	 142.73
35800 	 101.7 	 108.533 	 140.13
36000 	 101.7 	 108.184 	 140.93
36200 	 101.7 	 108.524 	 139.63
36400 	 101.7 	 109.794 	 140
36600 	 101.7 	 153.739 	 141.07
36800 	 101.7 	 107.514 	 142.42
37000 	 101.7 	 107.945 	 146.91
37200 	 101.7 	 111.007 	 148.01
37400 	 101.7 	 110.225 	 147.96
37600 	 101.7 	 108.782 	 152.56
37800 	 101.7 	 107.662 	 155.63
38000 	 101.7 	 107.749 	 156.64
38200 	 101.7 	 108.9 	 158.57
38400 	 101.7 	 109.669 	 156.96
38600 	 101.7 	 107.154 	 159.12
38800 	 101.7 	 109.062 	 160.66
39000 	 101.7 	 106.314 	 160.56
39200 	 101.7 	 108.564 	 157.24
39400 	 101.7 	 114.146 	 161.39
39600 	 101.7 	 106.934 	 160.5
39800 	 101.7 	 131.292 	 160.78
40000 	 101.7 	 174.162 	 159.41
40200 	 101.7 	 107.372 	 159.62
40400 	 101.7 	 110.401 	 162.33
40600 	 101.7 	 107.537 	 162.01
40800 	 101.7 	 152.051 	 161.2
41000 	 101.7 	 107.665 	 161.58
41200 	 101.7 	 106.989 	 162.37
41400 	 101.7 	 106.973 	 162.53
41600 	 101.7 	 107.941 	 163.86
41800 	 101.7 	 106.212 	 165.11
42000 	 101.7 	 108.494 	 163.74
42200 	 101.7 	 106.601 	 165.17
42400 	 101.7 	 109.465 	 166.79
42600 	 101.7 	 116.969 	 166.9
42800 	 101.7 	 106.616 	 166.52
43000 	 101.7 	 107.02 	 167.73
43200 	 101.7 	 116.807 	 167.55
43400 	 101.7 	 192.822 	 167.72
43600 	 101.7 	 115.403 	 170.6
43800 	 101.7 	 170.15 	 166.81
44000 	 101.7 	 107.332 	 166.59
44200 	 101.7 	 105.733 	 166.75
44400 	 101.7 	 107.218 	 165.27
44600 	 101.7 	 106.458 	 165.97
44800 	 101.7 	 116.103 	 165.8
45000 	 101.7 	 108.594 	 165.39
45200 	 101.7 	 107.058 	 169.18
45400 	 101.7 	 107.137 	 168.7
45600 	 101.7 	 106.854 	 168.24
45800 	 101.7 	 152.055 	 165.56
46000 	 101.7 	 108.115 	 166.01
46200 	 101.7 	 106.307 	 167.81
46400 	 101.7 	 106.962 	 167.35
46600 	 101.7 	 107.323 	 166.38
46800 	 101.7 	 106.812 	 164.94
47000 	 101.7 	 109.947 	 166.88
47200 	 101.7 	 105.855 	 165.05
47400 	 101.7 	 106.352 	 165.76
47600 	 101.7 	 106.314 	 164.31
47800 	 101.7 	 109.473 	 168.41
48000 	 101.7 	 130.629 	 167.75
48200 	 101.7 	 106.403 	 168.1
48400 	 101.7 	 107.099 	 167.81
48600 	 101.7 	 109.277 	 168.6
48800 	 101.7 	 107.293 	 168.58
49000 	 101.7 	 148.445 	 168.86
49200 	 101.7 	 106.773 	 168.26
49400 	 101.7 	 169.143 	 168.12
49600 	 101.7 	 107.417 	 167.25
49800 	 101.7 	 106.733 	 166.75
50000 	 101.7 	 106.636 	 163.6
50200 	 101.7 	 108.554 	 162.76
50400 	 101.7 	 107.185 	 162.91
50600 	 101.7 	 106.58 	 162.91
50800 	 101.7 	 106.59 	 163.35
51000 	 101.7 	 106.079 	 164.1
51200 	 101.7 	 107.1 	 163.47
51400 	 101.7 	 108.867 	 163.91
51600 	 101.7 	 105.802 	 165.3
51800 	 101.7 	 146.243 	 164.23
52000 	 101.7 	 105.702 	 163.35
52200 	 101.7 	 105.851 	 166.64
52400 	 101.7 	 105.045 	 167.94
52600 	 101.7 	 106.851 	 172.06
52800 	 101.7 	 108.53 	 169.73
53000 	 101.7 	 189.068 	 170.34
53200 	 101.7 	 104.617 	 168.81
53400 	 101.7 	 151.916 	 170.79
53600 	 101.7 	 105.705 	 171.14
53800 	 101.7 	 106.591 	 170.33
54000 	 101.7 	 107.164 	 171.96
54200 	 101.7 	 107.122 	 171.25
54400 	 101.7 	 107.318 	 169.91
54600 	 101.7 	 107.391 	 168.56
54800 	 101.7 	 108.701 	 170.96
55000 	 101.7 	 106.447 	 167.27
55200 	 101.7 	 107.381 	 168.32
55400 	 101.7 	 111.37 	 169.37
55600 	 101.7 	 105.986 	 166.27
55800 	 101.7 	 105.855 	 168.33
56000 	 101.7 	 107.139 	 167.98
56200 	 101.7 	 108.233 	 169.14
56400 	 101.7 	 107.192 	 167.65
56600 	 101.7 	 106.42 	 167.12
56800 	 101.7 	 107.49 	 167.21
57000 	 101.7 	 105.744 	 167
57200 	 101.7 	 107.136 	 165.47
57400 	 101.7 	 106.488 	 167.26
57600 	 101.7 	 106.79 	 167.49
57800 	 101.7 	 107.306 	 168.88
58000 	 101.7 	 106.502 	 165.77
58200 	 101.7 	 106.022 	 167.31
58400 	 101.7 	 106.155 	 168.13
58600 	 101.7 	 107.175 	 166.05
58800 	 101.7 	 105.884 	 170.31
59000 	 101.7 	 106.182 	 167.19
59200 	 101.7 	 105.548 	 169.02
59400 	 101.7 	 107.088 	 164.6
59600 	 101.7 	 107.374 	 167.07
59800 	 101.7 	 107.318 	 167.36
60000 	 101.7 	 106.496 	 168.54
60200 	 101.7 	 143.633 	 170.76
60400 	 101.7 	 106.11 	 170.86
60600 	 101.7 	 131.484 	 168.33
60800 	 101.7 	 106.985 	 170.77
61000 	 101.7 	 168.659 	 172.35
61200 	 101.7 	 105.119 	 173.15
61400 	 101.7 	 107.505 	 173.91
61600 	 101.7 	 106.166 	 176.44
61800 	 101.7 	 108.648 	 176.66
62000 	 101.7 	 106.513 	 178.11
62200 	 101.7 	 109.366 	 177.11
62400 	 101.7 	 107.243 	 177.9
62600 	 101.7 	 112.509 	 172.92
62800 	 101.7 	 149.247 	 175.88
63000 	 101.7 	 106.327 	 174.91
63200 	 101.7 	 105.807 	 174.83
63400 	 101.7 	 107.096 	 176.21
63600 	 101.7 	 107.212 	 175.55
63800 	 101.7 	 106.907 	 175.78
64000 	 101.7 	 106.122 	 177.5
64200 	 101.7 	 106.212 	 176.15
64400 	 101.7 	 107.09 	 179.64
64600 	 101.7 	 108.307 	 178.18
64800 	 101.7 	 168.86 	 179.83
65000 	 101.7 	 108.627 	 179.72
65200 	 101.7 	 106.925 	 178.84
65400 	 101.7 	 105.569 	 177.59
65600 	 101.7 	 106.222 	 177.7
65800 	 101.7 	 105.237 	 179.18
66000 	 101.7 	 109.66 	 178.8
66200 	 101.7 	 106.832 	 176.79
66400 	 101.7 	 105.432 	 178.1
66600 	 101.7 	 107.458 	 179.01
66800 	 101.7 	 105.773 	 177.78
67000 	 101.7 	 108.537 	 177.96
67200 	 101.7 	 112.235 	 177.87
67400 	 101.7 	 105.968 	 176.4
67600 	 101.7 	 106.249 	 175.47
67800 	 101.7 	 106.135 	 173.14
68000 	 101.7 	 107.058 	 171.09
68200 	 101.7 	 106.397 	 173.32
68400 	 101.7 	 106.245 	 175.58
68600 	 101.7 	 106.411 	 172.15
68800 	 101.7 	 108.42 	 174.49
69000 	 101.7 	 168.896 	 171.91
69200 	 101.7 	 105.601 	 172.57
69400 	 101.7 	 106.308 	 172.38
69600 	 101.7 	 106.553 	 175.82
69800 	 101.7 	 104.827 	 174.13
70000 	 101.7 	 106.529 	 172.53
70200 	 101.7 	 114.5 	 174.22
70400 	 101.7 	 108.161 	 176.16
70600 	 101.7 	 106.383 	 174.92
70800 	 101.7 	 106.401 	 176.57
71000 	 101.7 	 107.296 	 174.51
71200 	 101.7 	 114.914 	 175.1
71400 	 101.7 	 106.594 	 176.74
71600 	 101.7 	 107.342 	 177.93
71800 	 101.7 	 104.543 	 177.34
72000 	 101.7 	 105.778 	 179.28
72200 	 101.7 	 107.395 	 176.27
72400 	 101.7 	 108.913 	 179.04
72600 	 101.7 	 106.407 	 177.42
72800 	 101.7 	 105.681 	 177.93
73000 	 101.7 	 106.756 	 179.47
73200 	 101.7 	 106.729 	 179.43
73400 	 101.7 	 105.066 	 180.49
73600 	 101.7 	 107.654 	 179.5
73800 	 101.7 	 105.269 	 180.99
74000 	 101.7 	 148.289 	 182.11
74200 	 101.7 	 106.078 	 179.16
74400 	 101.7 	 106.508 	 178.86
74600 	 101.7 	 104.575 	 181.82
74800 	 101.7 	 108.143 	 184.36
75000 	 101.7 	 107.955 	 180.82
75200 	 101.7 	 106.032 	 181.53
75400 	 101.7 	 106.284 	 181.1
75600 	 101.7 	 169.284 	 180.75
75800 	 101.7 	 129.962 	 178.99
76000 	 101.7 	 105.301 	 185.44
76200 	 101.7 	 105.884 	 184.89
76400 	 101.7 	 108.137 	 184.6
76600 	 101.7 	 109.696 	 189.72
76800 	 101.7 	 105.104 	 188.8
77000 	 101.7 	 105.142 	 188.39
77200 	 101.7 	 170.186 	 187.96
77400 	 101.7 	 104.629 	 189.68
77600 	 101.7 	 105.541 	 189.66
77800 	 101.7 	 104.558 	 193.89
78000 	 101.7 	 150.598 	 190.81
78200 	 101.7 	 106.343 	 190.32
78400 	 101.7 	 106.305 	 192.08
78600 	 101.7 	 168.572 	 192.45
78800 	 101.7 	 105.529 	 191.69
79000 	 101.7 	 105.859 	 188.63
79200 	 101.7 	 106.128 	 192.43
79400 	 101.7 	 126.833 	 188.66
79600 	 101.7 	 113.39 	 191.05
79800 	 101.7 	 109.905 	 191.7
80000 	 101.7 	 106.941 	 189.88
80200 	 101.7 	 105.706 	 188.28
80400 	 101.7 	 105.292 	 189.03
80600 	 101.7 	 148.64 	 191.54
80800 	 101.7 	 105.816 	 194.73
81000 	 101.7 	 105.473 	 193.65
81200 	 101.7 	 106.696 	 192.31
81400 	 101.7 	 105.814 	 194.45
81600 	 101.7 	 106.651 	 192.57
81800 	 101.7 	 106.29 	 195.01
82000 	 101.7 	 106.051 	 193.9
82200 	 101.7 	 121.758 	 194.5
82400 	 101.7 	 106.575 	 195.68
82600 	 101.7 	 106.417 	 191.73
82800 	 101.7 	 150.236 	 189.9
83000 	 101.7 	 105.283 	 189.89
83200 	 101.7 	 107.238 	 191.72
83400 	 101.7 	 112.653 	 198.8
83600 	 101.7 	 106.835 	 199.25
83800 	 101.7 	 105.069 	 203.45
84000 	 101.7 	 110.259 	 201.14
84200 	 101.7 	 133.984 	 203.01
84400 	 101.7 	 105.509 	 202.41
84600 	 101.7 	 150.594 	 202.23
84800 	 101.7 	 152.94 	 205.79
85000 	 101.7 	 150.882 	 205.78
85200 	 101.7 	 107.549 	 206.72
85400 	 101.7 	 148.793 	 209.27
85600 	 101.7 	 105.959 	 211.08
85800 	 101.7 	 105.542 	 215.58
86000 	 101.7 	 105.763 	 214.06
86200 	 101.7 	 105.395 	 217.53
86400 	 101.7 	 106.045 	 220.03
86600 	 101.7 	 106.354 	 220.95
86800 	 101.7 	 105.584 	 224.1
87000 	 101.7 	 169.054 	 222.75
87200 	 101.7 	 106.139 	 223.95
87400 	 101.7 	 106.55 	 225.98
87600 	 101.7 	 129.923 	 224.25
87800 	 101.7 	 105.489 	 219.75
88000 	 101.7 	 111.889 	 216.32
88200 	 101.7 	 106.454 	 217.43
88400 	 101.7 	 106.959 	 216.59
88600 	 101.7 	 106.997 	 214.6
88800 	 101.7 	 213.933 	 217.29
89000 	 101.7 	 106.21 	 217.04
89200 	 101.7 	 107.376 	 215.88
89400 	 101.7 	 104.971 	 217.41
89600 	 101.7 	 104.717 	 217.34
89800 	 101.7 	 105.04 	 221.07
90000 	 101.7 	 106.264 	 217.33
90200 	 101.7 	 104.799 	 219.76
90400 	 101.7 	 106.621 	 221.91
90600 	 101.7 	 105.859 	 219.83
90800 	 101.7 	 105.776 	 221.54
91000 	 101.7 	 105.488 	 219.75
91200 	 101.7 	 107.306 	 224.24
91400 	 101.7 	 106.026 	 222.91
91600 	 101.7 	 105.86 	 230.07
91800 	 101.7 	 104.315 	 231.71
92000 	 101.7 	 107.399 	 229
92200 	 101.7 	 106.088 	 230.91
92400 	 101.7 	 107.508 	 230.19
92600 	 101.7 	 138.18 	 232.95
92800 	 101.7 	 105.253 	 227.63
93000 	 101.7 	 104.853 	 230.94
93200 	 101.7 	 106.308 	 231.19
93400 	 101.7 	 105.752 	 231.79
93600 	 101.7 	 105.027 	 231.46
93800 	 101.7 	 105.217 	 231.43
94000 	 101.7 	 106.072 	 235.67
94200 	 101.7 	 106.465 	 233.97
94400 	 101.7 	 106.8 	 235.82
94600 	 101.7 	 104.098 	 236.01
94800 	 101.7 	 174.478 	 236.96
95000 	 101.7 	 104.73 	 237.35
95200 	 101.7 	 148.544 	 241.05
95400 	 101.7 	 104.329 	 239.17
95600 	 101.7 	 107.886 	 240.22
95800 	 101.7 	 112.074 	 240.57
96000 	 101.7 	 155.977 	 241.67
96200 	 101.7 	 105.183 	 242.1
96400 	 101.7 	 106.433 	 242.3
96600 	 101.7 	 109.278 	 243.3
96800 	 101.7 	 105.81 	 244.86
97000 	 101.7 	 105.154 	 247.41
97200 	 101.7 	 107.698 	 245.48
97400 	 101.7 	 168.854 	 247.46
97600 	 101.7 	 106.031 	 246.69
97800 	 101.7 	 106.045 	 248.92
98000 	 101.7 	 104.875 	 249.28
98200 	 101.7 	 105.463 	 249.16
98400 	 101.7 	 142.773 	 248.77
98600 	 101.7 	 104.036 	 250.12
98800 	 101.7 	 104.199 	 251.75
99000 	 101.7 	 105.311 	 250.13
99200 	 101.7 	 106.021 	 249.75
99400 	 101.7 	 115.427 	 253.97
99600 	 101.7 	 107.859 	 251.59
99800 	 101.7 	 106.094 	 253.5
100000 	 101.7 	 107.146 	 258.98
jenny@jenny-G50VT ~/docu/572/b $ 

