[jenny@jenny-G50VT][~/docu/572/p]% a
100	6800.91943	 9652.67676
200	3245.49805	 6842.24951
300	3041.61768	 4557.72852
400	860.66937	 3181.77271
500	404.12610	 1750.45459
600	219.54315	 870.49109
700	25.35000	 341.96188
800	25.35000	 82.54383
900	11.59280	 43.47058
1000	0.60148	 34.48425
1100	0.46380	 45.11973
1200	0.42938	 26.86278
1300	0.42938	 61.63039
1400	0.42938	 30.15229
1500	0.42938	 75.93679
1600	0.42938	 209.96169
1700	0.42938	 193.20294
1800	0.42938	 239.28946
1900	0.42938	 251.85847
2000	0.42938	 251.85847
2100	0.42938	 251.85847
2200	0.42938	 251.85847
2300	0.42938	 251.85847
2400	0.42938	 251.85847
2500	0.42938	 251.85847
2600	0.42938	 251.85847
2700	0.42938	 251.85847
2800	0.42938	 251.85847
2900	0.42938	 251.85847
3000	0.42938	 251.85847
3100	0.42938	 251.85847
3200	0.42938	 251.85847
3300	0.42938	 251.85847
3400	0.42938	 251.85847
3500	0.42938	 251.85847
3600	0.42938	 251.85847
3700	0.42938	 251.85847
3800	0.42938	 251.85847
3900	0.42938	 251.85847
4000	0.42938	 251.85847
4100	0.42938	 251.85847
4200	0.42938	 251.85847
4300	0.42938	 251.85847
4400	0.42938	 251.85847
4500	0.42938	 251.85847
4600	0.42938	 251.85847
4700	0.42938	 251.85847
4800	0.42938	 251.85847
4900	0.42938	 251.85847
5000	0.42938	 251.85847
5100	0.42938	 251.85847
5200	0.42938	 251.85847
5300	0.42938	 251.85847
5400	0.42938	 251.85847
5500	0.42938	 251.85847
5600	0.42938	 251.85847
5700	0.42938	 251.85847
5800	0.42938	 251.85847
5900	0.42938	 251.85847
6000	0.42938	 251.85847
6100	0.42938	 251.85847
6200	0.42938	 251.85847
6300	0.42938	 251.85847
6400	0.42938	 251.85847
6500	0.42938	 251.85847
6600	0.42938	 251.85847
6700	0.42938	 251.85847
6800	0.42938	 251.85847
6900	0.42938	 251.85847
7000	0.42938	 251.85847
7100	0.42938	 251.85847
7200	0.42938	 251.85847
7300	0.42938	 251.85847
7400	0.42938	 251.85847
7500	0.42938	 251.85847
7600	0.42938	 251.85847
7700	0.42938	 251.85847
7800	0.42938	 251.85847
7900	0.42938	 251.85847
8000	0.42938	 251.85847
8100	0.42938	 251.85847
8200	0.42938	 251.85847
8300	0.42938	 251.85847
8400	0.42938	 251.85847
8500	0.42938	 251.85847
8600	0.42938	 251.85847
8700	0.42938	 251.85847
8800	0.42938	 251.85847
8900	0.42938	 251.85847
9000	0.42938	 251.85847
9100	0.42938	 251.85847
9200	0.42938	 251.85847
9300	0.42938	 251.85847
9400	0.42938	 251.85847
9500	0.42938	 251.85847
9600	0.42938	 251.85847
9700	0.42938	 251.85847
9800	0.42938	 251.85847
9900	0.42938	 251.85847
10000	0.42938	 251.85847
fitness sharing one result

tounament selction   1000
it: 0
minFitness[0]: 1158.33
avgFitness[0]: 1177.87
it: 1
minFitness[1]: 1048.62
avgFitness[1]: 1064.32
it: 2
minFitness[2]: 655.847
avgFitness[2]: 663.365
it: 3
minFitness[3]: 400.421
avgFitness[3]: 700.03
it: 4
minFitness[4]: 2870.96
avgFitness[4]: 8169.49
it: 5
minFitness[5]: 5994.97
avgFitness[5]: 11723.9
it: 6
minFitness[6]: 7170.14
avgFitness[6]: 12341.8
it: 7
minFitness[7]: 7433.84
avgFitness[7]: 12417.5
1158.32886	 1177.87109
1048.62195	 1064.32336
655.84717	 663.36511
400.42111	 700.03040
2870.95752	 8169.49365
5994.97217	 11723.91602
7170.14111	 12341.81934
7433.84424	 12417.54297



100 project 1
it: 0
minFitness[0]: 1054.98
avgFitness[0]: 1077.75
it: 1
minFitness[1]: 1013.23
avgFitness[1]: 1036.26
it: 2
minFitness[2]: 511.805
avgFitness[2]: 519.875
it: 3
minFitness[3]: 495.818
avgFitness[3]: 783.768
it: 4
minFitness[4]: 2810.1
avgFitness[4]: 8042.59
it: 5
minFitness[5]: 5840.86
avgFitness[5]: 11704.1
it: 6
minFitness[6]: 7087.39
avgFitness[6]: 12339.3
it: 7
minFitness[7]: 7326.42
avgFitness[7]: 12415.8
1054.97766	 1077.75037
1013.23419	 1036.26379
511.80515	 519.87531
495.81839	 783.76819
2810.09692	 8042.58740
5840.85938	 11704.07520
7087.39111	 12339.29590
7326.41943	 12415.80469

100 fitness sharing
it: 0
minFitness[0]: 487.711
avgFitness[0]: 845.612
it: 1
minFitness[1]: 296.602
avgFitness[1]: 655.263
it: 2
minFitness[2]: 180.822
avgFitness[2]: 339.578
it: 3
minFitness[3]: 3535.19
avgFitness[3]: 6833.67
it: 4
minFitness[4]: 6696.13
avgFitness[4]: 11020.5
it: 5
minFitness[5]: 7830.02
avgFitness[5]: 12106.9
it: 6
minFitness[6]: 8331.73
avgFitness[6]: 12426.5
it: 7
minFitness[7]: 8601.79
avgFitness[7]: 12474.1
487.71091	 845.61157
296.60168	 655.26294
180.82184	 339.57751
3535.18530	 6833.67480
6696.13135	 11020.54004
7830.01807	 12106.94238
8331.73145	 12426.48340
8601.79004	 12474.12891

300 fitness sharing
it: 0
minFitness[0]: 564.053
avgFitness[0]: 898.423
it: 1
minFitness[1]: 375.123
avgFitness[1]: 681.101
it: 2
minFitness[2]: 227.569
avgFitness[2]: 436.058
it: 3
minFitness[3]: 3724.36
avgFitness[3]: 6908.23
it: 4
minFitness[4]: 6753.03
avgFitness[4]: 11040
it: 5
minFitness[5]: 7774.75
avgFitness[5]: 12115
it: 6
minFitness[6]: 8388.77
avgFitness[6]: 12428.9
it: 7
minFitness[7]: 8489.9
avgFitness[7]: 12472
0.00000	 0.00000
0.00000	 0.00000
0.00000	 0.00000
-0.00001	 0.00000
-0.00001	 -0.00001
7774.75342	 12114.95703
8388.77246	 12428.90430
8489.90137	 12471.96484


300 toun
it: 0
minFitness[0]: 1203.97
avgFitness[0]: 1223.95
it: 1
minFitness[1]: 1135.35
avgFitness[1]: 1151.3
it: 2
minFitness[2]: 615.351
avgFitness[2]: 623.604
it: 3
minFitness[3]: 358.843
avgFitness[3]: 670.935
it: 4
minFitness[4]: 2821.65
avgFitness[4]: 8213.76
it: 5
minFitness[5]: 6103.95
avgFitness[5]: 11727.9
it: 6
minFitness[6]: 7246.77
avgFitness[6]: 12345.8
it: 7
minFitness[7]: 7553.78
avgFitness[7]: 12420.5
1203.97180	 1223.95032
1135.35413	 1151.29761
615.35120	 623.60419
358.84329	 670.93530
2821.65039	 8213.76367
6103.94922	 11727.93945
7246.77344	 12345.82129
7553.78076	 12420.46582
